Brain network by Wahbi
375.0	375.0	375.0	box dimensions in microns
25	25	25	number of tissue points in x,y,z directions
100.	outer bound distance
100.	max. segment length
5	nodsegm, max. allowed number of segments per node
577	total number of segments
name	type	from	to	diam.	rel. flow	hem.
1	5	1	264	6.2077800000000005	1.598726755316939	0.45
2	5	2	278	6.39576	0.823146065188317	0.45
3	5	2	367	6.6022	0.16856856812317478	0.45
4	5	3	256	7.31922	1.24294953580559	0.45
5	5	4	59	6.09054	2.920683651490631	0.45
6	5	4	95	5.82808	0.17721274154146163	0.45
7	5	5	442	5.8167	3.1430648956484495	0.45
8	5	6	108	4.791060000000001	0.2686568747086246	0.45
9	5	6	121	7.398680000000001	0.642346412908243	0.45
10	5	7	227	5.14978	1.1513999319064294	0.45
11	5	8	273	7.69926	1.9295350957498674	0.45
12	5	8	400	5.5953800000000005	0.09774814766161471	0.45
13	5	9	4	7.82426	3.0978963930321366	0.45
14	5	10	371	6.89162	3.2331595334369565	0.45
15	5	11	214	7.21652	3.012257312470113	0.45
16	5	12	160	5.1081	0.2474493228792618	0.45
17	5	13	259	7.48156	0.14968971468748446	0.45
18	5	13	382	4.76156	0.2858055991826689	0.45
19	5	14	86	7.52184	0.06794006230447067	0.45
20	5	14	192	7.0099	0.18238899443103176	0.45
21	5	15	265	7.5397	0.7367571474819362	0.45
22	5	15	323	6.4431199999999995	0.7475614872122716	0.45
23	5	16	329	7.840280000000001	1.4341635347307145	0.45
24	5	17	110	8.70016	0.4586747476873309	0.45
25	5	17	412	6.160679999999999	0.7330541406284639	0.45
26	5	18	142	8.137599999999999	0.26464259954875996	0.45
27	5	18	370	4.65244	0.021162999633903654	0.45
28	5	19	85	7.9539800000000005	0.008136792701946146	0.45
29	5	20	18	4.76156	0.2858055991826711	0.45
30	5	21	100	7.39702	1.5086377338687373	0.45
31	5	22	334	7.04058	2.914363533142139	0.45
32	5	23	314	7.341760000000001	0.15960742580575643	0.45
33	5	24	104	7.35796	5.451303818081169	0.45
34	5	25	277	7.37618	0.11896379144937268	0.45
35	5	25	414	7.1303	0.10294177275373396	0.45
36	5	26	416	5.7412600000000005	0.9917146333114856	0.45
37	5	27	239	3.76072	0.03350162313457947	0.45
38	5	28	76	7.37304	1.7559820648085183	0.45
39	5	29	70	6.13664	1.422216031881158	0.45
40	5	29	257	4.7695	0.15810463033821118	0.45
41	5	30	331	6.13664	1.4222160318811525	0.45
42	5	31	141	6.715879999999999	0.6593484889401907	0.45
43	5	32	202	4.8728	0.4478278801995152	0.45
44	5	32	203	8.06388	1.2700504038403995	0.45
45	5	33	113	6.70476	1.365632601731981	0.45
46	5	34	164	7.61396	2.4870782191925076	0.45
47	5	34	253	6.77922	0.4258112993528649	0.45
48	5	35	370	6.87468	0.6108282560953548	0.45
49	5	36	305	5.4557199999999995	0.00037373527771876144	0.45
50	5	37	248	5.9027	0.8624440940849613	0.45
51	5	37	314	6.0567400000000005	0.3288225556479809	0.45
52	5	38	139	9.246799999999999	2.533745854836828	0.45
53	5	39	20	4.76156	0.28580559918267057	0.45
54	5	40	34	7.16694	2.912889518545385	0.45
55	5	40	304	4.88524	0.5843422597666885	0.45
56	5	41	353	8.83768	3.98201170932973	0.45
57	5	42	150	5.12564	0.5205839286890505	0.45
58	5	43	204	6.1814800000000005	0.05886362176053532	0.45
59	5	43	251	4.32622	0.18861391261598812	0.45
60	5	44	372	6.10656	2.8605526682829203	0.45
61	5	44	423	5.11598	0.3726068651540742	0.45
62	5	45	66	7.42762	0.09909195310991138	0.45
63	5	46	89	7.06668	0.7919201959962314	0.45
64	5	46	396	6.116619999999999	0.3876889013760655	0.45
65	5	47	232	6.27958	1.053580583955607	0.45
66	5	48	119	6.41388	0.4876066776210384	0.45
67	5	49	77	6.62086	0.27278232779696526	0.45
68	5	50	169	5.278560000000001	1.7316930916392705	0.45
69	5	50	170	4.89358	0.59450020304201	0.45
70	5	51	101	9.3134	1.5004296384904696	0.45
71	5	52	327	4.13226	0.1728410343079795	0.45
72	5	53	322	6.25162	1.5780937777394428	0.45
73	5	54	78	5.87602	0.08018972580861572	0.45
74	5	54	172	7.80002	0.45808263019411033	0.45
75	5	55	114	6.47218	1.1627999019443722	0.45
76	5	56	249	7.65904	0.10765016470861749	0.45
77	5	57	21	7.39702	1.508637733868704	0.45
78	5	58	327	5.27948	0.5619160399891769	0.45
79	5	58	409	5.33022	0.3351439686878611	0.45
80	5	59	262	9.6419	3.725494274889561	0.45
81	5	60	310	6.818420000000001	0.860244564135199	0.45
82	5	61	438	4.85198	2.283422852728859	0.45
83	5	62	368	6.6022	0.16856856812316806	0.45
84	5	63	376	6.70168	1.272607034908493	0.45
85	5	64	133	5.566339999999999	0.6206493124787854	0.45
86	5	65	312	5.3200400000000005	0.5470881553252781	0.45
87	5	65	386	7.84262	0.31703040470579097	0.45
88	5	66	98	5.82544	1.3564143394911161	0.45
89	5	67	369	5.8845600000000005	0.6319912557292455	0.45
90	5	68	258	5.29202	0.016734933132376246	0.45
91	5	69	228	7.2586	4.166328558546899	0.45
92	5	69	299	6.79844	2.5548362163575398	0.45
93	5	70	30	6.13664	1.4222160318811525	0.45
94	5	71	380	5.78104	0.12044727619835544	0.45
95	5	72	395	6.95406	1.1867539466711916	0.45
96	5	73	440	7.24718	1.4147552009517048	0.45
97	5	74	290	7.46894	0.9639868217469475	0.45
98	5	75	22	6.55876	1.1829840158828342	0.45
99	5	76	59	5.78372	0.8048106233989133	0.45
100	5	76	317	5.32566	0.6371003467018188	0.45
101	5	76	397	6.08518	0.491230259502052	0.45
102	5	77	282	5.88962	1.385168324846636	0.45
103	5	78	173	5.87602	0.08018972580862352	0.45
104	5	79	53	4.68454	0.4078633430257544	0.45
105	5	79	217	4.22548	0.027280476628545935	0.45
106	5	80	130	6.07848	0.2425146709829454	0.45
107	5	81	46	5.12296	0.32361782270675843	0.45
108	5	81	309	5.66716	0.4111392515903969	0.45
109	5	82	27	7.09516	0.0012760047513906028	0.45
110	5	82	152	6.193639999999999	0.03443843916987939	0.45
111	5	83	297	6.939139999999999	0.6211176738769798	0.45
112	5	84	37	5.0431	1.1912666497329476	0.45
113	5	85	156	7.9539800000000005	0.008136792701963255	0.45
114	5	86	27	5.8178399999999995	0.0322256183831881	0.45
115	5	86	82	6.44122	0.03571444392126881	0.45
116	5	87	25	7.19186	0.22190556420310492	0.45
117	5	88	134	6.9707799999999995	0.2556137164087893	0.45
118	5	88	208	4.41722	0.38593789714931787	0.45
119	5	89	389	7.39118	0.9214550605776771	0.45
120	5	90	157	5.7547	0.9038541885390561	0.45
121	5	90	158	5.35718	0.22291866711995656	0.45
122	5	91	305	5.75952	0.009429060741488377	0.45
123	5	91	342	7.921360000000001	0.006932137113185445	0.45
124	5	91	392	5.4557199999999995	0.0003737352777199413	0.45
125	5	92	215	6.50056	1.1245043035914004	0.45
126	5	93	381	6.1397200000000005	0.5267306389683921	0.45
127	5	93	393	6.9737599999999995	0.04270054473801514	0.45
128	5	94	77	7.283799999999999	1.1123859970496581	0.45
129	5	95	76	5.8975800000000005	0.17715916479426674	0.45
130	5	95	340	6.35866	5.357674718222396e-05	0.45
131	5	96	113	7.07338	3.4535796619543166	0.45
132	5	97	40	7.22764	3.497231778312073	0.45
133	5	98	225	5.82544	1.3564143394911217	0.45
134	5	99	69	7.1452800000000005	6.721164774904417	0.45
135	5	99	129	7.12514	0.6069937296327041	0.45
136	5	100	222	4.44206	0.7293031933935684	0.45
137	5	100	361	4.7233	0.7793345404752022	0.45
138	5	101	61	9.3134	1.5004296384904199	0.45
139	5	102	84	5.0431	1.191266649732942	0.45
140	5	102	242	7.09098	0.6452365622180877	0.45
141	5	103	190	5.48684	0.3988056179555317	0.45
142	5	104	341	6.48714	1.374464607347592	0.45
143	5	104	358	6.708200000000001	4.07683921073355	0.45
144	5	105	163	5.40546	0.604927752346996	0.45
145	5	106	5	6.766	3.0852140716164653	0.45
146	5	107	123	8.0045	0.9187687935038733	0.45
147	5	108	346	6.83784	1.0417573623729006	0.45
148	5	109	10	6.89162	3.233159533436951	0.45
149	5	109	298	3.4795599999999998	0.01634796839305707	0.45
150	5	110	245	8.70016	0.4586747476873465	0.45
151	5	111	296	7.58356	0.6139527973785317	0.45
152	5	112	335	5.999820000000001	0.5708825605975484	0.45
153	5	113	435	7.45764	4.819212263686297	0.45
154	5	114	374	7.85976	2.373862473878994	0.45
155	5	115	55	3.50958	0.35313286359066787	0.45
156	5	115	178	6.55912	1.6215181279237736	0.45
157	5	116	126	5.60428	0.5418308663432257	0.45
158	5	117	363	6.68452	0.6037496158468125	0.45
159	5	117	364	7.5571	0.030307345761320315	0.45
160	5	118	187	6.73888	0.41666712537654194	0.45
161	5	119	250	6.41388	0.4876066776210684	0.45
162	5	120	122	6.37972	1.3564140635932924	0.45
163	5	121	1	5.63738	0.47367877095844596	0.45
164	5	121	35	5.64644	0.37946217686050904	0.45
165	5	121	137	7.29958	1.4870890004772148	0.45
166	5	122	1	6.88862	1.1250479843584884	0.45
167	5	122	35	6.05036	0.23136607923484082	0.45
168	5	123	128	5.1776	0.32057958188606034	0.45
169	5	123	226	5.4285	1.336016053183321	0.45
170	5	124	125	6.66146	0.862879905391657	0.45
171	5	125	19	7.9539800000000005	0.008136792701955954	0.45
172	5	125	107	5.712	0.8274014927060352	0.45
173	5	125	347	2.9267	0.027341619983680357	0.45
174	5	126	55	4.7066	0.8096670383537515	0.45
175	5	127	126	6.463	0.2678361720105365	0.45
176	5	128	178	5.325	0.00416221991281028	0.45
177	5	128	179	7.03692	0.3164173619732669	0.45
178	5	129	130	5.68714	0.2935574441701269	0.45
179	5	129	131	6.54918	0.5858267116978614	0.45
180	5	130	83	4.4421	0.5360721151530946	0.45
181	5	131	80	5.864199999999999	0.17685035940982158	0.45
182	5	131	229	4.7048000000000005	0.40897635228805984	0.45
183	5	132	96	7.8897	2.6713376009806615	0.45
184	5	133	132	3.26082	0.16161958627206321	0.45
185	5	133	366	5.15922	0.4590297262067462	0.45
186	5	134	365	5.566339999999999	0.6206493124788022	0.45
187	5	135	154	6.68188	0.13084991424250078	0.45
188	5	136	111	7.58356	0.6139527973785763	0.45
189	5	136	292	4.42476	0.43799238344429287	0.45
190	5	137	79	6.33026	0.4351438196543049	0.45
191	5	137	136	8.05176	1.051945180822894	0.45
192	5	138	63	6.70168	1.2726070349084875	0.45
193	5	138	328	5.93762	1.2611388199283797	0.45
194	5	139	138	9.246799999999999	2.53374585483694	0.45
195	5	140	324	3.4269000000000003	0.08529558033017931	0.45
196	5	141	301	6.715879999999999	0.659348488940174	0.45
197	5	142	31	7.640300000000001	0.6395453340049314	0.45
198	5	143	142	5.5142999999999995	0.008057553881669177	0.45
199	5	143	274	7.02538	0.0982815075605449	0.45
200	5	144	255	4.05854	0.09366144400896616	0.45
201	5	144	283	5.775239999999999	0.7580604733102483	0.45
202	5	145	180	5.49126	0.03840813339868933	0.45
203	5	145	182	6.05082	1.6059966714507714	0.45
204	5	146	12	5.1081	0.24744932287927573	0.45
205	5	146	159	6.82058	0.22468481009040056	0.45
206	5	147	148	5.3052399999999995	0.7126224116544418	0.45
207	5	148	106	5.8502600000000005	0.7855791708008	0.45
208	5	149	148	7.71904	0.07295675914634861	0.45
209	5	149	333	4.53078	0.36503562429797	0.45
210	5	150	239	5.12564	0.5205839286890588	0.45
211	5	151	42	4.50272	0.053313936249623016	0.45
212	5	152	74	4.3041	0.4099012699233109	0.45
213	5	153	345	5.2274400000000005	0.4831028831360488	0.45
214	5	154	198	6.68188	0.13084991424246736	0.45
215	5	155	135	6.68188	0.13084991424250916	0.45
216	5	155	153	5.2274400000000005	0.4831028831360492	0.45
217	5	156	319	7.9539800000000005	0.008136792701972952	0.45
218	5	157	246	5.64592	1.3995976588621377	0.45
219	5	158	261	6.17388	0.9551473289516379	0.45
220	5	159	73	6.20594	1.4025765270114492	0.45
221	5	160	182	5.815099999999999	2.267450453624571	0.45
222	5	161	254	1.9369079999999999	2.8707445263708245e-06	0.45
223	5	162	378	7.807180000000001	1.1718516567207424	0.45
224	5	163	212	5.40546	0.6049277523469904	0.45
225	5	164	212	4.7014000000000005	0.2592688305842574	0.45
226	5	164	355	6.6635	2.227809388608223	0.45
227	5	165	24	7.073720000000001	5.051684769855626	0.45
228	5	166	57	7.39702	1.5086377338687151	0.45
229	5	166	167	6.488460000000001	1.1549722665386408	0.45
230	5	167	165	6.488460000000001	1.1549722665386688	0.45
231	5	168	245	4.89358	0.5945002030420158	0.45
232	5	169	175	6.458	0.871448527504099	0.45
233	5	169	176	6.818420000000001	0.8602445641350766	0.45
234	5	170	168	4.89358	0.5945002030420158	0.45
235	5	171	172	4.38426	0.28149560651594524	0.45
236	5	172	173	6.7015199999999995	0.739578236710064	0.45
237	5	173	6	6.55552	0.9110032876168664	0.45
238	5	174	92	5.51126	0.2642597394562628	0.45
239	5	174	233	6.94332	0.6071887880479814	0.45
240	5	175	174	6.458	0.8714485275042942	0.45
241	5	176	60	6.818420000000001	0.8602445641351711	0.45
242	5	177	127	3.75492	0.2069679513672019	0.45
243	5	177	248	7.78068	0.0004358113066242724	0.45
244	5	178	179	5.96846	0.22541350436995936	0.45
245	5	178	244	5.9998	1.400266843466566	0.45
246	5	179	116	5.60428	0.5418308663432041	0.45
247	5	180	441	5.8621799999999995	0.9466440331243082	0.45
248	5	181	145	5.8334	1.6444048048494802	0.45
249	5	181	146	7.09782	0.41638034020381015	0.45
250	5	182	439	6.5559199999999995	3.87344712507537	0.45
251	5	183	127	4.26218	0.060868220643334074	0.45
252	5	183	366	6.00422	0.5966115042057547	0.45
253	5	184	199	4.68422	0.9397285531404368	0.45
254	5	184	266	6.548979999999999	1.5699894615681782	0.45
255	5	185	184	6.82658	2.509718014708632	0.45
256	5	186	188	6.73888	0.4166671253765252	0.45
257	5	186	272	5.871499999999999	0.18651046959305342	0.45
258	5	187	48	7.48768	0.4572993318596844	0.45
259	5	188	118	6.73888	0.41666712537652406	0.45
260	5	189	190	6.80052	1.6942159402103567	0.45
261	5	190	209	7.54024	2.0930215581658507	0.45
262	5	191	103	5.48684	0.3988056179555161	0.45
263	5	191	171	4.7651200000000005	0.13180589182848812	0.45
264	5	192	193	7.09928	0.195647128130065	0.45
265	5	193	194	7.09928	0.19564712813004492	0.45
266	5	194	51	6.94538	0.5525403542950781	0.45
267	5	195	197	4.36302	1.0460279637839334	0.45
268	5	195	218	6.87596	0.06566431157315837	0.45
269	5	196	268	4.7272799999999995	0.25848820271423395	0.45
270	5	197	83	7.1265600000000004	0.08504555872370004	0.45
271	5	197	196	4.7272799999999995	0.25848820271423395	0.45
272	5	197	297	7.0369	0.7024942023458017	0.45
273	5	198	187	4.1886	0.040632206483127015	0.45
274	5	198	200	8.16772	0.09021770775937779	0.45
275	5	199	132	5.919980000000001	2.509718014708604	0.45
276	5	200	183	5.9836599999999995	0.6574797248490816	0.45
277	5	201	328	9.04438	1.5414291510578397	0.45
278	5	202	201	6.55258	1.2476858981627803	0.45
279	5	203	189	8.86256	1.2897482890893261	0.45
280	5	203	201	6.434240000000001	0.29374325289505815	0.45
281	5	204	352	6.1814800000000005	0.05886362176050465	0.45
282	5	205	43	4.330220000000001	0.24747753437650447	0.45
283	5	205	293	5.80756	1.1467108590262403	0.45
284	5	206	351	6.1814800000000005	0.05886362176048349	0.45
285	5	207	185	5.472	2.0266151315725733	0.45
286	5	208	207	9.36718	0.29862916947666707	0.45
287	5	208	217	5.3752200000000006	0.08730872767266865	0.45
288	5	209	134	7.95348	0.3650355960699727	0.45
289	5	209	280	6.17506	1.7279859620959297	0.45
290	5	210	377	7.18786	0.8641965829312646	0.45
291	5	211	210	7.18786	0.8641965829312535	0.45
292	5	212	211	7.18786	0.8641965829313036	0.45
293	5	213	316	6.27958	1.053580583955607	0.45
294	5	214	106	6.32434	2.2996349008156485	0.45
295	5	214	147	5.3052399999999995	0.7126224116544418	0.45
296	5	215	235	6.07748	0.6669229136925078	0.45
297	5	215	384	7.10372	0.4575813898989046	0.45
298	5	216	177	6.12266	0.2074037626738141	0.45
299	5	216	356	6.8104000000000005	1.9746509915143937	0.45
300	5	217	289	4.43288	0.11458920430121916	0.45
301	5	218	306	6.87596	0.06566431157308927	0.45
302	5	219	120	7.79632	0.8874078237318768	0.45
303	5	220	97	6.12866	0.38803033668041	0.45
304	5	220	433	6.44048	0.09822498117705664	0.45
305	5	221	56	7.65904	0.10765016470862808	0.45
306	5	221	142	7.665039999999999	0.36684518057453797	0.45
307	5	222	257	4.44206	0.7293031933935684	0.45
308	5	223	195	7.28968	1.1116922753570544	0.45
309	5	224	191	6.1422	0.5306115097840277	0.45
310	5	225	436	5.48748	1.6743581620407577	0.45
311	5	226	45	5.819	0.0786936668021259	0.45
312	5	226	66	8.21704	1.257322386381227	0.45
313	5	227	52	6.966200000000001	0.16297262243157212	0.45
314	5	227	326	7.07854	0.9884273094748668	0.45
315	5	228	324	6.551399999999999	2.4484502745069845	0.45
316	5	228	325	5.77216	1.7178782840399365	0.45
317	5	229	376	6.201460000000001	0.5804959551078622	0.45
318	5	230	275	3.81678	0.0448062131166182	0.45
319	5	230	318	5.414560000000001	0.35689322616500524	0.45
320	5	231	338	9.59966	1.582100078936983	0.45
321	5	232	213	6.27958	1.0535805839556014	0.45
322	5	233	350	7.09992	2.2630072026964636	0.45
323	5	234	114	7.65748	1.2110625719345218	0.45
324	5	235	238	5.488919999999999	0.5071796046853813	0.45
325	5	235	309	4.1203199999999995	0.15974330900712413	0.45
326	5	236	359	7.1542	0.7096520600194108	0.45
327	5	237	388	6.23656	3.1298461072372463	0.45
328	5	238	344	5.40546	0.6049277523469793	0.45
329	5	239	348	4.428940000000001	0.5540855518236355	0.45
330	5	240	302	8.18414	1.1702304347137062	0.45
331	5	241	47	8.268500000000001	0.8670701143625192	0.45
332	5	242	9	9.7903	2.6848990872997995	0.45
333	5	243	360	5.27412	1.176922052458878	0.45
334	5	244	234	8.93872	0.6480178916416167	0.45
335	5	244	398	6.0453600000000005	0.7522489518251055	0.45
336	5	245	7	7.32512	1.0531749507293862	0.45
337	5	246	311	7.1667000000000005	1.8177389808025222	0.45
338	5	247	72	4.68332	1.091872868520302	0.45
339	5	247	341	5.0758	0.3815174574609569	0.45
340	5	248	124	6.66146	0.8628799053916347	0.45
341	5	249	143	6.75608	0.10633906144222185	0.45
342	5	249	294	2.3617600000000003	0.00131110326639782	0.45
343	5	250	319	6.41388	0.4876066776210594	0.45
344	5	251	192	3.88368	0.013258133699034964	0.45
345	5	251	396	6.1969199999999995	0.17535577891695378	0.45
346	5	252	49	6.62086	0.2727823277969586	0.45
347	5	253	3	6.1551	0.5427488209997406	0.45
348	5	254	146	1.9369079999999999	2.870744526371075e-06	0.45
349	5	255	181	8.37812	2.06078514505331	0.45
350	5	256	22	6.2736	1.7313795172593107	0.45
351	5	257	219	7.79632	0.8874078237317654	0.45
352	5	258	26	8.3239	0.7475614872122883	0.45
353	5	259	171	7.48156	0.1496897146874666	0.45
354	5	260	14	5.86474	0.25032905673550293	0.45
355	5	261	237	6.05762	0.9779178971688174	0.45
356	5	261	246	7.416359999999999	0.41814132194039566	0.45
357	5	262	97	6.9421	3.1092014416316833	0.45
358	5	262	317	6.093999999999999	0.6162928332576891	0.45
359	5	263	379	6.67516	0.30495659037110917	0.45
360	5	263	380	5.35426	0.4178250798043655	0.45
361	5	264	186	7.97242	0.6031775949696054	0.45
362	5	264	241	8.268500000000001	0.8670701143624802	0.45
363	5	264	363	5.06688	0.12847904598483745	0.45
364	5	265	230	6.80116	0.40169943928163926	0.45
365	5	265	260	5.86474	0.2503290567355063	0.45
366	5	265	275	4.53324	0.0847286514648223	0.45
367	5	266	199	6.548979999999999	1.5699894615681727	0.45
368	5	267	105	5.40546	0.604927752346996	0.45
369	5	268	231	4.7272799999999995	0.25848820271422895	0.45
370	5	269	223	7.28968	1.11169227535706	0.45
371	5	269	291	6.41272	0.8343938078782948	0.45
372	5	270	354	8.83768	3.982011709329774	0.45
373	5	271	93	6.2537199999999995	0.24125062379840825	0.45
374	5	271	426	7.31202	0.0525558113703571	0.45
375	5	272	47	5.871499999999999	0.1865104695930573	0.45
376	5	273	307	6.50236	0.5353467023471405	0.45
377	5	273	403	8.015460000000001	1.3941883934027366	0.45
378	5	274	31	5.54446	0.019803154935227794	0.45
379	5	274	301	4.4943	0.0784783526253185	0.45
380	5	275	89	7.84134	0.1295348645814575	0.45
381	5	276	140	3.4269000000000003	0.08529558033017931	0.45
382	5	276	328	4.2856000000000005	0.4767078013128876	0.45
383	5	277	229	5.654739999999999	0.17151960281977954	0.45
384	5	278	33	8.873579999999999	0.9930257365779164	0.45
385	5	279	377	3.97142	0.307655073789558	0.45
386	5	279	425	5.26314	0.4044676511210137	0.45
387	5	280	207	6.17506	1.727985962095924	0.45
388	5	281	419	5.41618	0.7731004876642659	0.45
389	5	282	16	5.88962	1.3851683248466307	0.45
390	5	283	160	5.83018	2.020001130745293	0.45
391	5	284	159	6.2725599999999995	1.1778917169210894	0.45
392	5	284	161	1.9369079999999999	2.870744526370808e-06	0.45
393	5	285	224	6.1422	0.5306115097840053	0.45
394	5	285	263	6.9201	0.7227816701755215	0.45
395	5	286	144	7.9566799999999995	0.8517219173192233	0.45
396	5	286	387	7.9040799999999996	0.29060220256593583	0.45
397	5	287	375	7.04724	1.8531029900163443	0.45
398	5	288	216	7.815999999999999	2.182054754187962	0.45
399	5	289	240	4.43288	0.1145892043012186	0.45
400	5	290	146	4.5826199999999995	0.05575092202133624	0.45
401	5	290	180	6.33242	0.9082358997256051	0.45
402	5	291	129	8.10262	0.27239042623524296	0.45
403	5	291	276	5.7449200000000005	0.562003381643072	0.45
404	5	292	149	4.42476	0.4379923834442919	0.45
405	5	293	243	5.27412	1.176922052458878	0.45
406	5	294	394	7.971419999999999	0.16987967138958154	0.45
407	5	295	279	6.42368	0.7121227249105584	0.45
408	5	296	155	7.58356	0.6139527973785317	0.45
409	5	297	343	7.38464	1.3236118762227145	0.45
410	5	298	429	4.71678	0.062102602813067835	0.45
411	5	299	8	5.7677	2.0272832434114614	0.45
412	5	299	406	6.25376	0.5275529729460569	0.45
413	5	300	373	4.745959999999999	0.0781514451620762	0.45
414	5	300	443	3.8797399999999995	0.22903335510390874	0.45
415	5	301	123	5.48486	0.737826841565498	0.45
416	5	302	53	8.18414	1.1702304347136672	0.45
417	5	303	225	7.3754599999999995	0.3179438225496421	0.45
418	5	304	75	5.35526	0.4499298752543822	0.45
419	5	304	332	6.50978	0.13441238451230572	0.45
420	5	305	68	8.22868	0.009802796019190908	0.45
421	5	306	80	6.87596	0.06566431157308424	0.45
422	5	307	203	6.40134	0.3134411381440601	0.45
423	5	307	391	7.19186	0.2219055642030821	0.45
424	5	308	120	6.7311	0.46900623986145046	0.45
425	5	308	121	8.25022	1.697883535387962	0.45
426	5	309	112	5.999820000000001	0.570882560597526	0.45
427	5	310	92	6.818420000000001	0.8602445641351265	0.45
428	5	311	237	8.00568	2.1519282100684065	0.45
429	5	312	313	7.33646	0.8171382364527573	0.45
430	5	312	315	4.2729	0.4947815999297587	0.45
431	5	313	3	6.66898	0.7002007148058504	0.45
432	5	313	253	5.3725	0.11693752164688467	0.45
433	5	314	256	6.85142	0.488429981453704	0.45
434	5	315	90	6.40914	1.1267728556589998	0.45
435	5	316	26	4.6038	0.24415314609917504	0.45
436	5	316	51	6.47298	0.8094274378564265	0.45
437	5	317	417	6.34974	1.253393179959508	0.45
438	5	318	194	5.414560000000001	0.3568932261650325	0.45
439	5	319	157	6.29828	0.4957434703230832	0.45
440	5	320	283	7.937079999999999	1.2619406574350784	0.45
441	5	320	284	5.35786	1.1778945876655942	0.45
442	5	321	383	8.34388	1.1416404632880768	0.45
443	5	322	11	6.2211	1.345126162810563	0.45
444	5	322	329	8.3887	0.2329676149287994	0.45
445	5	323	91	7.2425	0.016734933132396868	0.45
446	5	323	258	8.178780000000001	0.730826554079916	0.45
447	5	324	38	9.246799999999999	2.5337458548370795	0.45
448	5	325	32	5.77216	1.7178782840399307	0.45
449	5	326	58	7.7903	0.8970600086770342	0.45
450	5	326	107	4.29624	0.09136730079782371	0.45
451	5	327	81	5.50312	0.7347570742971531	0.45
452	5	328	94	7.283799999999999	1.1123859970496692	0.45
453	5	328	308	6.4727	2.1668897752494725	0.45
454	5	329	11	7.925720000000001	1.6671311496595442	0.45
455	5	330	46	7.6609	0.18973063671475895	0.45
456	5	330	261	6.390359999999999	0.4409118901575607	0.45
457	5	331	15	7.30922	1.4843186346942134	0.45
458	5	332	23	7.341760000000001	0.15960742580568063	0.45
459	5	333	5	5.741820000000001	0.05785082403199286	0.45
460	5	333	300	5.7825	0.3071848002659843	0.45
461	5	334	109	7.13828	3.249507501830002	0.45
462	5	335	46	6.692279999999999	0.6662606379507879	0.45
463	5	336	221	7.84202	0.4744953452831944	0.45
464	5	337	330	7.39722	0.6306425268722289	0.45
465	5	337	362	4.50272	0.05331393624961823	0.45
466	5	338	96	4.913860000000001	0.7822420609736614	0.45
467	5	338	202	4.98686	0.799858017963288	0.45
468	5	339	390	10.26372	0.13846184633910869	0.45
469	5	340	357	6.85562	0.09938897414456188	0.45
470	5	341	28	7.37304	1.7559820648085183	0.45
471	5	342	68	7.921360000000001	0.006932137113180542	0.45
472	5	343	231	7.38464	1.32361187622272	0.45
473	5	344	267	5.40546	0.6049277523469904	0.45
474	5	345	185	5.2274400000000005	0.4831028831360476	0.45
475	5	346	200	5.95234	0.5672620170897227	0.45
476	5	346	336	7.84202	0.474495345283234	0.45
477	5	347	303	7.3754599999999995	0.31794382254964876	0.45
478	5	348	74	4.428940000000001	0.5540855518236362	0.45
479	5	349	65	8.29954	0.8641185600310851	0.45
480	5	349	117	4.15846	0.6340569616081047	0.45
481	5	350	312	5.8566	0.7648316810572353	0.45
482	5	350	349	6.41382	1.4981755216392065	0.45
483	5	351	52	6.66534	0.009868411876412348	0.45
484	5	351	422	3.0655	0.048995209884067005	0.45
485	5	352	206	6.1814800000000005	0.05886362176045283	0.45
486	5	353	50	8.67516	2.3261932946812696	0.45
487	5	353	233	5.49172	1.655818414648483	0.45
488	5	354	41	8.83768	3.9820117093298744	0.45
489	5	355	288	7.815999999999999	2.1820547541883744	0.45
490	5	355	298	6.490880000000001	0.04575463441999656	0.45
491	5	356	115	6.8104000000000005	1.9746509915144552	0.45
492	5	357	72	7.5409	0.094881078150895	0.45
493	5	357	270	5.11306	0.0045078959936638695	0.45
494	5	358	270	6.6297999999999995	3.977503813336162	0.45
495	5	358	340	4.223199999999999	0.09933539739734196	0.45
496	5	359	152	5.79894	0.3754628307534226	0.45
497	5	359	311	6.63462	0.33418922926591804	0.45
498	5	360	42	6.2838199999999995	0.4672699924394285	0.45
499	5	360	236	7.1542	0.7096520600194053	0.45
500	5	361	335	6.77582	0.09537807735324007	0.45
501	5	361	337	6.53348	0.6839564631219516	0.45
502	5	362	151	4.50272	0.053313936249621836	0.45
503	5	363	158	6.947080000000001	0.732228661831683	0.45
504	5	364	48	7.5571	0.03030734576132595	0.45
505	5	365	64	5.566339999999999	0.6206493124787688	0.45
506	5	366	240	5.59832	1.0556412304124776	0.45
507	5	367	62	6.6022	0.16856856812317866	0.45
508	5	368	294	6.6022	0.1685685681231915	0.45
509	5	369	315	5.8845600000000005	0.6319912557292511	0.45
510	5	370	67	5.8845600000000005	0.6319912557292623	0.45
511	5	371	44	6.89162	3.2331595334369854	0.45
512	5	372	437	6.1195200000000005	3.6128016201080255	0.45
513	5	373	73	2.6226800000000003	0.012178673940256842	0.45
514	5	373	374	9.037619999999999	0.0659727712218087	0.45
515	5	374	320	6.98104	2.439835245100717	0.45
516	5	375	29	7.548039999999999	1.5803206622193438	0.45
517	5	375	252	6.62086	0.27278232779699874	0.45
518	5	376	287	7.04724	1.8531029900163443	0.45
519	5	377	162	7.807180000000001	1.1718516567207313	0.45
520	5	378	293	7.65076	0.03021119343266245	0.45
521	5	378	321	8.34388	1.1416404632880433	0.45
522	5	379	385	6.67516	0.3049565903711326	0.45
523	5	380	54	6.41434	0.5382723560027238	0.45
524	5	381	13	8.39514	0.4354953138701935	0.45
525	5	381	173	4.69304	0.09123532509817403	0.45
526	5	382	39	4.76156	0.28580559918266946	0.45
527	5	383	281	6.26316	0.5000888497298865	0.45
528	5	383	420	7.03002	0.6415516135581129	0.45
529	5	384	281	3.36148	0.27301163793438715	0.45
530	5	384	295	6.72156	0.18456975196450975	0.45
531	5	385	93	8.6076	0.32818055990798467	0.45
532	5	386	271	7.59228	0.29380643516885685	0.45
533	5	386	385	3.9048999999999996	0.02322396953693177	0.45
534	5	387	347	7.9040799999999996	0.29060220256595815	0.45
535	5	388	45	6.15482	0.020398286307789542	0.45
536	5	388	255	5.728199999999999	1.9671237010443403	0.45
537	5	388	286	4.6977	1.1423241198851168	0.45
538	5	389	61	7.70114	0.7829932142384114	0.45
539	5	389	339	10.26372	0.13846184633913988	0.45
540	5	390	51	10.26372	0.13846184633891082	0.45
541	5	391	87	7.19186	0.22190556420308774	0.45
542	5	392	36	5.4557199999999995	0.00037373527771743714	0.45
543	5	393	71	8.66478	0.0175055034446044	0.45
544	5	393	332	4.56154	0.025195041293416032	0.45
545	5	394	278	7.971419999999999	0.16987967138959603	0.45
546	5	395	17	7.16558	1.1917288883157955	0.45
547	5	396	413	7.5035	0.5630446802930109	0.45
548	5	397	220	6.17926	0.48625531785744713	0.45
549	5	397	428	6.93708	0.00497494164460104	0.45
550	5	398	372	6.0453600000000005	0.7522489518251055	0.45
551	5	399	285	5.63696	1.253393179959519	0.45
552	5	401	108	8.67986	0.7731004876642379	0.45
553	5	402	88	5.1962600000000005	0.6415516135581073	0.45
554	5	404	16	5.73352	0.048995209884063834	0.45
555	5	405	33	5.69784	0.37260686515407365	0.45
556	5	407	189	5.3573	0.40446765112102984	0.45
557	5	408	277	6.2511399999999995	0.05255581137037789	0.45
558	5	410	395	4.57896	0.004974941644609957	0.45
559	5	411	331	5.8310200000000005	0.06210260281307008	0.45
560	5	415	7	4.94726	0.09822498117705442	0.45
561	5	418	238	5.35218	0.09774814766160358	0.45
562	5	421	205	7.523420000000001	1.3941883934027202	0.45
563	5	424	295	5.243799999999999	0.5275529729460553	0.45
564	5	427	334	5.587960000000001	0.33514396868786167	0.45
565	5	430	75	5.11718	0.7330541406284639	0.45
566	5	431	234	7.73976	0.5630446802929997	0.45
567	5	432	71	6.98662	0.10294177275371	0.45
568	5	434	2	7.6288599999999995	0.9917146333114856	0.45
569	5	444	102	5.46164	1.8365032119510243	0.45
570	5	445	242	4.9002	2.0396625250817624	0.45
571	5	446	9	4.22278	0.4129973057323286	0.45
572	5	447	247	6.106459999999999	1.4733903259812617	0.45
573	5	448	269	5.41004	1.9460860832353881	0.45
574	5	449	166	6.89424	2.663610000407367	0.45
575	5	450	24	4.634659999999999	0.39961904822553695	0.45
576	5	451	99	6.3435999999999995	7.328158504537099	0.45
577	5	452	165	7.45702	3.8967125033171865	0.45
452	total number of nodes
name	x	y	z
1	136.637	125.61500000000001	194.30200000000002
2	45.1584	367.165	342.88899999999995
3	251.24099999999999	246.348	128.40900000000002
4	275.054	241.69400000000002	35.466100000000004
5	92.889	112.346	349.142
6	77.6649	237.33	161.823
7	295.188	71.8965	164.087
8	16.766	139.383	93.3063
9	263.755	283.116	31.594399999999997
10	349.057	300.09299999999996	266.658
11	49.0723	136.68099999999998	267.831
12	238.24699999999999	170.58700000000002	359.981
13	119.33200000000001	336.725	108.166
14	288.613	45.880700000000004	301.476
15	192.31	9.18714	239.86499999999998
16	14.8785	57.052600000000005	186.085
17	314.707	3.89448	75.3937
18	123.88699999999999	295.385	198.636
19	225.325	254.65900000000002	269.68100000000004
20	140.741	316.594	174.12699999999998
21	189.607	69.0724	96.9402
22	294.8	315.665	170.564
23	242.811	318.93399999999997	97.612
24	241.293	126.80499999999999	33.4238
25	44.8821	53.0371	36.1704
26	181.011	55.334300000000006	278.68800000000005
27	357.651	235.327	309.591
28	345.282	193.747	34.9079
29	103.452	57.030100000000004	154.47299999999998
30	169.555	55.789699999999996	218.21800000000002
31	120.91000000000001	323.91	236.012
32	106.26700000000001	169.477	89.1981
33	28.4328	334.84299999999996	356.97499999999997
34	301.89700000000005	254.607	127.24000000000001
35	95.41130000000001	146.057	176.904
36	30.4917	1.22057	316.21999999999997
37	191.768	367.904	62.6598
38	139.306	100.315	71.511
39	155.42499999999998	339.148	159.50400000000002
40	293.75	281.134	121.865
41	249.543	149.342	96.6135
42	348.53	179.02200000000002	283.958
43	370.524	125.375	171.113
44	361.91400000000004	313.90999999999997	338.081
45	149.339	251.75799999999998	339.433
46	336.76000000000005	82.8087	295.686
47	184.45000000000002	132.697	293.671
48	200.78199999999998	157.274	231.013
49	88.1527	24.4474	112.018
50	259.803	110.707	124.35300000000001
51	213.77599999999998	69.6574	321.202
52	320.98199999999997	57.3993	213.684
53	45.5667	155.074	255.896
54	123.514	261.507	104.34599999999999
55	262.697	339.937	309.98499999999996
56	69.592	336.45399999999995	189.822
57	209.78699999999998	85.04169999999999	69.5667
58	285.306	2.78933	171.59900000000002
59	294.80400000000003	237.252	45.398999999999994
60	276.032	135.48499999999999	130.052
61	228.256	30.655099999999997	370.692
62	10.6072	374.93	303.87399999999997
63	109.264	53.9773	102.514
64	42.8476	220.79399999999998	281.37600000000003
65	217.054	196.305	177.25
66	178.74699999999999	270.563	360.24100000000004
67	179.905	274.139	200.13299999999998
68	96.6383	19.1116	282.68899999999996
69	69.1063	135.435	47.3131
70	125.117	42.2331	185.332
71	2.23829	340.61999999999995	49.2161
72	301.84999999999997	80.8098	14.732199999999999
73	168.565	150.81	370.147
74	327.242	171.972	352.88300000000004
75	313.93600000000004	321.462	134.896
76	318.644	260.291	13.4038
77	96.7656	13.8457	134.66899999999998
78	156.46599999999998	266.252	118.082
79	67.63419999999999	169.519	232.558
80	131.749	223.058	2.4414200000000004
81	362.279	67.2598	257.099
82	346.14599999999996	242.095	267.534
83	159.87	228.212	31.2896
84	195.57999999999998	362.557	40.6964
85	238.37199999999999	227.494	257.645
86	333.589	256.341	310.252
87	1.25982	61.5366	29.0803
88	28.3993	236.87599999999998	240.282
89	273.091	57.1603	304.629
90	243.11800000000002	212.557	244.677
91	86.29180000000001	22.8019	313.972
92	305.984	135.30599999999998	137.431
93	32.8437	348.95	82.12910000000001
94	113.551	17.5378	134.10399999999998
95	264.967	227.98	29.0446
96	71.0287	212.36200000000002	324.876
97	284.95799999999997	290.224	84.97269999999999
98	206.40400000000002	274.082	372.066
99	72.2427	125.98599999999999	0.800404
100	187.001	71.01559999999999	126.78
101	214.322	51.528	345.37
102	206.04999999999998	298.288	7.17552
103	58.2963	240.392	85.7297
104	267.335	144.353	46.599199999999996
105	335.053	221.341	125.12499999999999
106	76.87700000000001	114.01	293.144
107	228.47699999999998	287.246	297.266
108	65.2025	231.649	178.476
109	303.259	295.338	236.23399999999998
110	292.16	82.12819999999999	101.17699999999999
111	99.44479999999999	186.192	262.508
112	351.204	94.0511	271.821
113	85.30760000000001	267.851	359.86699999999996
114	262.445	341.483	310.791
115	261.815	340.077	306.519
116	262.987	329.683	312.138
117	207.755	154.51700000000002	217.20100000000002
118	198.877	138.816	226.798
119	205.005	158.69	236.35999999999999
120	94.1421	115.752	173.623
121	109.758	161.05700000000002	172.17
122	98.6897	137.839	184.11100000000002
123	219.59900000000002	301.704	313.546
124	235.424	281.899	293.974
125	226.804	280.74600000000004	293.167
126	266.087	330.61100000000005	312.757
127	267.304	327.04400000000004	308.221
128	237.35999999999999	332.56600000000003	304.154
129	125.559	208.63199999999998	8.35125
130	139.642	224.46599999999998	8.025739999999999
131	124.39699999999999	209.386	0.884765
132	46.7403	217.432	296.07599999999996
133	44.8274	217.658	281.00800000000004
134	26.5027	234.608	262.981
135	103.4	204.718	281.101
136	99.56859999999999	171.046	250.051
137	100.433	179.411	242.51899999999998
138	130.732	91.4104	78.1789
139	139.296	100.108	72.11189999999999
140	139.386	111.644	58.3342
141	128.57799999999997	316.614	252.17600000000002
142	118.847	319.428	231.51000000000002
143	119.343	333.666	220.963
144	217.481	190.304	340.656
145	241.365	170.304	369.66700000000003
146	240.557	169.582	360.778
147	85.4425	106.46	281.562
148	82.4221	119.613	290.014
149	101.191	124.719	299.188
150	347.05899999999997	184.79299999999998	288.052
151	334.689	167.803	281.43899999999996
152	354.58799999999997	182.07799999999997	287.612
153	94.68690000000001	216.219	268.722
154	94.3421	199.767	286.3
155	99.2851	202.225	269.32300000000004
156	233.77900000000002	226.331	237.882
157	234.391	208.905	244.09099999999998
158	252.34900000000002	203.136	240.572
159	227.447	153.084	364.62
160	236.486	172.86100000000002	360.22400000000005
161	235.011	160.482	341.255
162	347.146	201.64000000000001	150.176
163	335.25	229.309	131.178
164	320.613	236.507	127.57400000000001
165	236.758	125.031	37.0351
166	221.22	123.975	43.0963
167	237.398	125.61899999999999	40.4844
168	259.982	100.768	116.414
169	262.453	114.37	127.796
170	258.37100000000004	107.29599999999999	124.269
171	105.492	275.811	101.958
172	111.144	267.76399999999995	102.029
173	114.848	271.229	112.401
174	254.85599999999997	113.894	130.44
175	259.508	113.36200000000001	132.521
176	279.79200000000003	129.886	124.843
177	261.97900000000004	317.559	300.098
178	250.99699999999999	336.365	314.701
179	251.924	326.06300000000005	311.632
180	250.57999999999998	167.787	364.558
181	240.884	176.79999999999998	373.48999999999995
182	237.81799999999998	174.03300000000002	366.529
183	52.5803	201.72500000000002	278.927
184	33.5235	231.464	295.524
185	52.7261	221.31	277.558
186	196.035	128.3	248.12599999999998
187	195.608	140.448	224.411
188	201.736	133.07	245.12699999999998
189	47.9858	235.35999999999999	77.7098
190	55.5133	237.775	81.2254
191	55.9139	246.22400000000002	89.2083
192	279.15500000000003	52.8275	306.32
193	274.252	46.912600000000005	308.475
194	263.486	44.1951	308.265
195	151.912	214.792	35.6834
196	150.618	230.413	42.9987
197	159.67999999999998	226.74800000000002	35.0594
198	69.4979	205.05100000000002	274.688
199	32.9024	214.888	299.699
200	61.337300000000006	207.693	273.262
201	106.521	164.38	97.8968
202	107.753	171.018	96.81259999999999
203	77.9524	181.929	89.25800000000001
204	364.689	120.58200000000001	174.84
205	359.364	135.941	161.314
206	355.609	104.73400000000001	197.424
207	38.1563	244.749	270.16200000000003
208	20.038500000000003	248.14	245.387
209	19.125	238.376	268.125
210	345.989	222.838	134.571
211	343.17800000000005	234.599	132.282
212	336.33799999999997	232.964	127.453
213	187.589	113.424	283.618
214	79.00500000000001	107.477	256.272
215	335.925	190.538	131.591
216	283.08	320.808	276.972
217	16.2204	211.151	236.94
218	143.0	214.483	30.4387
219	93.4534	99.3085	171.843
220	311.84000000000003	318.33099999999996	76.1025
221	78.84530000000001	313.26	210.165
222	171.28799999999998	96.6092	155.597
223	165.715	197.00199999999998	19.6769
224	51.64769999999999	249.59	86.68339999999999
225	230.768	281.38399999999996	367.202
226	166.361	278.13300000000004	371.477
227	278.9	62.1345	200.573
228	93.0948	133.09300000000002	85.0792
229	69.8697	57.4966	53.8498
230	262.44	21.7466	302.781
231	159.478	222.761	76.45649999999999
232	176.733	130.618	285.637
233	228.629	136.06	100.923
234	268.532	348.253	330.904
235	347.38899999999995	171.838	125.666
236	350.391	166.25900000000001	246.339
237	217.46	205.775	273.90900000000005
238	347.71999999999997	179.263	104.07
239	327.41200000000003	195.996	324.941
240	31.445500000000003	196.666	269.032
241	182.333	142.79000000000002	297.863
242	260.505	303.348	0.384535
243	320.213	194.913	218.256
244	271.38800000000003	339.209	336.255
245	282.17900000000003	91.11189999999999	124.07
246	236.411	189.07	248.285
247	321.41700000000003	100.583	3.68891
248	266.536	298.247	303.045
249	72.95070000000001	336.38100000000003	226.567
250	205.066	203.05700000000002	232.655
251	286.54	55.8251	322.16999999999996
252	79.2951	36.906	109.847
253	276.56600000000003	240.76	141.779
254	229.81	163.071	330.01599999999996
255	221.49699999999999	205.393	359.38399999999996
256	266.529	303.83500000000004	168.665
257	116.915	92.51079999999999	163.49699999999999
258	156.535	24.5301	285.862
259	93.61110000000001	288.334	109.513
260	278.483	29.2562	265.81100000000004
261	252.074	180.09699999999998	280.724
262	295.41700000000003	262.025	64.22040000000001
263	5.632750000000001	320.36899999999997	86.74499999999999
264	174.626	132.242	241.119
265	242.018	24.1161	283.382
266	17.2653	192.348	294.73699999999997
267	343.645	208.63899999999998	111.547
268	164.85299999999998	232.68	52.500400000000006
269	168.623	179.149	10.365499999999999
270	244.16200000000003	150.192	75.4765
271	33.5014	325.721	87.0054
272	193.513	138.37	275.717
273	14.1508	114.047	87.52069999999999
274	133.156	338.3	238.45600000000002
275	273.032	17.8002	305.323
276	157.41	130.489	52.3868
277	51.778	35.7524	51.330799999999996
278	34.827099999999994	350.338	361.83500000000004
279	363.375	209.45800000000003	126.33300000000001
280	30.468999999999998	250.02200000000002	272.70099999999996
281	367.608	207.772	154.262
282	83.9076	21.7041	146.333
283	223.685	170.813	356.179
284	228.409	152.10899999999998	357.547
285	10.8675	288.234	69.9846
286	211.81300000000002	206.924	321.337
287	89.3365	66.261	120.795
288	283.112	321.72700000000003	272.275
289	25.7616	204.418	262.286
290	266.23	178.646	338.18
291	157.48499999999999	174.346	29.3865
292	114.866	153.535	279.30899999999997
293	355.195	176.66	181.55100000000002
294	26.5621	336.87600000000003	308.786
295	367.63300000000004	208.879	112.626
296	106.708	198.79000000000002	267.54699999999997
297	179.832	225.522	37.792500000000004
298	280.115	309.483	257.229
299	44.6834	138.54000000000002	69.99709999999999
300	151.629	111.346	353.98
301	162.817	322.725	276.401
302	48.1484	165.35399999999998	270.168
303	246.743	272.123	336.71999999999997
304	274.817	311.119	125.38600000000001
305	88.03670000000001	12.090300000000001	308.385
306	128.52100000000002	223.568	15.1236
307	14.545399999999999	100.11	90.4464
308	100.85	113.1	160.33599999999998
309	349.635	78.8498	268.34999999999997
310	288.08000000000004	132.667	135.339
311	216.729	188.307	272.01800000000003
312	227.869	207.612	173.68200000000002
313	280.703	230.389	150.875
314	236.612	329.03099999999995	108.98
315	244.21099999999998	218.303	232.94
316	183.39100000000002	64.5825	284.52000000000004
317	307.694	265.704	66.67169999999999
318	254.72500000000002	26.4616	309.78000000000003
319	226.981	214.373	239.65
320	218.03900000000002	157.659	350.79
321	356.195	209.809	162.337
322	38.4502	141.841	254.38899999999998
323	160.30800000000002	21.2714	300.111
324	132.98499999999999	110.103	73.2856
325	103.29599999999999	151.95399999999998	76.1009
326	252.65800000000002	33.3388	164.353
327	362.52000000000004	24.4381	184.72
328	125.90799999999999	104.771	107.101
329	17.916	128.411	244.92999999999998
330	289.303	126.97800000000001	281.39099999999996
331	201.903	14.778	202.07299999999998
332	249.82	323.422	98.9058
333	127.787	133.25199999999998	341.49199999999996
334	293.587	315.368	223.22299999999998
335	338.179	90.6888	270.241
336	88.6305	262.468	236.477
337	298.173	127.236	284.924
338	144.194	200.404	104.225
339	226.315	77.8944	336.67400000000004
340	272.59000000000003	189.93300000000002	85.0978
341	308.18399999999997	158.949	36.5462
342	85.7465	19.7571	246.24800000000002
343	184.73	185.522	84.3338
344	334.551	189.752	104.00699999999999
345	106.42899999999999	244.121	270.806
346	68.43270000000001	228.364	247.955
347	232.594	249.962	310.897
348	319.66600000000005	198.563	350.187
349	203.424	145.327	177.096
350	206.27100000000002	149.944	150.596
351	357.354	94.0223	191.83700000000002
352	352.38100000000003	105.244	184.742
353	249.93699999999998	135.404	99.5393
354	256.251	146.69	83.3259
355	281.543	306.526	268.803
356	291.4	324.50699999999995	282.771
357	243.431	132.725	73.5856
358	254.97699999999998	161.5	71.90809999999999
359	354.528	155.889	255.43499999999997
360	344.192	176.356	257.707
361	308.604	119.208	279.982
362	300.55199999999996	136.484	290.756
363	220.032	158.197	219.65200000000002
364	200.04	159.232	224.199
365	36.588899999999995	223.125	272.531
366	47.0809	208.155	272.169
367	22.0202	372.89300000000003	311.949
368	3.4907299999999997	361.697	302.367
369	183.678	270.88	214.382
370	173.594	284.134	201.307
371	351.95	322.33099999999996	326.867
372	364.436	325.72200000000004	349.93600000000004
373	168.665	138.631	360.13100000000003
374	169.314	145.668	354.991
375	80.2773	56.8517	127.84100000000001
376	89.5162	70.2902	109.076
377	347.217	211.67700000000002	138.502
378	353.385	195.704	163.328
379	9.1486	328.01	94.4201
380	4.283449999999999	328.769	73.7877
381	108.357	347.146	97.9529
382	123.681	336.331	121.674
383	367.508	204.887	166.239
384	364.206	202.748	151.505
385	18.244999999999997	337.202	89.2865
386	24.3553	334.709	98.20049999999999
387	209.023	217.86700000000002	329.101
388	199.891	197.26	319.167
389	237.151	83.3608	343.209
390	219.13400000000001	87.3729	326.471
391	0.0	0.0	0.0
392	0.0	0.0	371.25
393	0.0	371.25	0.0
394	0.0	371.25	371.25
395	371.25	0.0	0.0
396	371.25	0.0	371.25
397	371.25	371.25	0.0
398	371.25	371.25	371.25
399	0.0	270.596	46.5905
400	0.0	145.516	95.7916
401	0.0	238.891	152.813
402	0.0	242.48499999999999	202.287
403	0.0	126.866	125.824
404	0.0	96.4168	182.201
405	0.0	277.117	345.071
406	0.0	187.66	72.2022
407	0.0	216.299	118.094
408	48.9171	0.0	71.62190000000001
409	361.449	0.0	197.705
410	336.649	0.0	32.079499999999996
411	219.94199999999998	0.0	222.822
412	359.62	0.0	108.802
413	313.611	0.0	346.543
414	21.1356	0.0	61.5177
415	341.688	0.0	130.56799999999998
416	131.547	0.0	341.083
417	375.0	270.596	46.5905
418	375.0	145.516	95.7916
419	375.0	238.891	152.813
420	375.0	242.48499999999999	202.287
421	375.0	126.866	125.824
422	375.0	96.4168	182.201
423	375.0	277.117	345.071
424	375.0	187.66	72.2022
425	375.0	216.299	118.094
426	48.9171	375.0	71.62190000000001
427	361.449	375.0	197.705
428	336.649	375.0	32.079499999999996
429	219.94199999999998	375.0	222.822
430	359.62	375.0	108.802
431	313.611	375.0	346.543
432	21.1356	375.0	61.5177
433	341.688	375.0	130.56799999999998
434	131.547	375.0	341.083
435	135.997	321.733	375.0
436	277.586	271.298	375.0
437	299.378	321.72499999999997	375.0
438	259.70700000000005	1.18577	375.0
439	224.419	194.685	375.0
440	182.161	132.42000000000002	375.0
441	283.488	107.248	375.0
442	45.519200000000005	104.514	375.0
443	184.842	102.52	375.0
444	135.997	321.733	0.0
445	277.586	271.298	0.0
446	299.378	321.72499999999997	0.0
447	259.70700000000005	1.18577	0.0
448	224.419	194.685	0.0
449	182.161	132.42000000000002	0.0
450	283.488	107.248	0.0
451	45.519200000000005	104.514	0.0
452	184.842	102.52	0.0
27 total number of boundary nodes
node bctyp press/flow   HD    PO2    solute 3
399	2	2.0	0.45	50.	1.
401	2	2.0	0.45	50.	1.
402	2	2.0	0.45	50.	1.
404	2	2.0	0.45	50.	1.
405	2	2.0	0.45	50.	1.
407	2	2.0	0.45	50.	1.
408	2	2.0	0.45	50.	1.
410	2	2.0	0.45	50.	1.
411	2	2.0	0.45	50.	1.
415	2	2.0	0.45	50.	1.
418	2	2.0	0.45	50.	1.
421	2	2.0	0.45	50.	1.
424	2	2.0	0.45	50.	1.
427	2	2.0	0.45	50.	1.
430	2	2.0	0.45	50.	1.
431	2	2.0	0.45	50.	1.
432	2	2.0	0.45	50.	1.
434	2	2.0	0.45	50.	1.
444	2	2.0	0.45	50.	1.
445	2	2.0	0.45	50.	1.
446	2	2.0	0.45	50.	1.
447	2	2.0	0.45	50.	1.
448	2	2.0	0.45	50.	1.
449	2	2.0	0.45	50.	1.
450	2	2.0	0.45	50.	1.
451	2	2.0	0.45	50.	1.
452	2	2.0	0.45	50.	1.
