Brain network by Wahbi
375.0	375.0	375.0	box dimensions in microns
25	25	25	number of tissue points in x,y,z directions
100.	outer bound distance
100.	max. segment length
5	nodsegm, max. allowed number of segments per node
563	total number of segments
name	type	from	to	diam.	rel. flow	hem.
1	5	1	24	5.88962	0.05253194207937189	0.45
2	5	2	33	6.88862	1.7040779243944373	0.45
3	5	3	204	7.6609	1.6230261949962193	0.45
4	5	4	28	6.390359999999999	0.5643308802748669	0.45
5	5	5	304	6.6022	4.151466404427434	0.45
6	5	6	249	7.31922	0.9908453271278682	0.45
7	5	6	370	6.66898	0.6127661104834817	0.45
8	5	7	308	6.09054	1.4852868008546074	0.45
9	5	7	326	5.82808	0.6468987493606765	0.45
10	5	8	272	7.1303	0.779130762235887	0.45
11	5	9	219	6.766	1.6295086191800823	0.45
12	5	10	420	6.55552	1.1904874158535468	0.45
13	5	11	2	5.63738	0.34875138857285304	0.45
14	5	12	146	4.15846	0.09342882915981116	0.45
15	5	13	71	5.14978	0.32270744887932845	0.45
16	5	13	382	4.94726	0.74820591823533	0.45
17	5	14	192	7.69926	0.03539349871086294	0.45
18	5	14	425	5.5953800000000005	0.6374764462319678	0.45
19	5	15	30	9.7903	1.4814406748378228	0.45
20	5	16	413	7.48156	1.8842191182898318	0.45
21	5	17	395	6.41434	0.0009215944295137395	0.45
22	5	18	143	3.4795599999999998	0.04755063892925218	0.45
23	5	19	66	10.26372	0.36657131448879343	0.45
24	5	20	153	4.76156	0.06367505935192065	0.45
25	5	20	154	7.52184	0.6743605705857123	0.45
26	5	21	140	7.0099	1.216176150799721	0.45
27	5	21	290	5.86474	0.13186897036672676	0.45
28	5	22	255	6.40134	0.15929706819197542	0.45
29	5	23	370	6.4431199999999995	1.039288117701363	0.45
30	5	24	165	7.840280000000001	0.8254498832658316	0.45
31	5	24	327	5.73352	0.9030169518958798	0.45
32	5	25	276	6.160679999999999	0.19601953902394134	0.45
33	5	25	306	8.137599999999999	0.28299366330839415	0.45
34	5	26	257	6.55876	0.13172054640954337	0.45
35	5	27	315	6.2736	0.08760310808973981	0.45
36	5	27	332	7.35796	0.61303791006557	0.45
37	5	28	343	6.390359999999999	0.5643308802748614	0.45
38	5	29	263	5.3052399999999995	0.5028499937839157	0.45
39	5	30	341	9.7903	1.4814406748378122	0.45
40	5	31	141	7.073720000000001	1.0379777892887012	0.45
41	5	32	202	7.37618	1.0621244255442197	0.45
42	5	33	368	8.3239	2.8510069938349534	0.45
43	5	34	75	7.09516	0.7005383625713686	0.45
44	5	34	252	5.8178399999999995	0.7951939508633055	0.45
45	5	35	122	6.50056	1.5794183314760788	0.45
46	5	36	392	4.7695	0.6781779159311109	0.45
47	5	37	432	7.640300000000001	1.348045121166474	0.45
48	5	38	139	5.8502600000000005	1.1801683155001792	0.45
49	5	39	6	6.1551	1.6036114376113337	0.45
50	5	40	34	5.7412600000000005	1.495732313434674	0.45
51	5	41	71	8.06388	0.19965962727691328	0.45
52	5	41	353	5.77216	1.319933140088387	0.45
53	5	42	151	8.873579999999999	0.009883015231019929	0.45
54	5	42	152	5.69784	0.4784952187299597	0.45
55	5	43	203	7.6609	1.6230261949961609	0.45
56	5	44	372	5.80756	0.6358968826713237	0.45
57	5	45	348	5.472	0.1927396484198829	0.45
58	5	46	274	7.97242	0.01742273496557433	0.45
59	5	47	240	6.77922	0.8269746110355614	0.45
60	5	47	271	5.64644	0.3072924523533338	0.45
61	5	48	119	6.05036	0.90241411916316	0.45
62	5	48	187	6.87468	0.07559036687730379	0.45
63	5	49	324	5.9027	0.3205082364079901	0.45
64	5	49	376	6.0567400000000005	1.2692412164115814	0.45
65	5	50	170	4.42476	0.16809798042041368	0.45
66	5	51	322	6.79844	0.41436604669804333	0.45
67	5	52	58	4.88524	0.37128662402287815	0.45
68	5	52	226	4.50272	0.014390475096940828	0.45
69	5	53	321	6.6297999999999995	1.8094221300007334	0.45
70	5	54	173	6.1814800000000005	0.33716684243447315	0.45
71	5	54	403	4.330220000000001	0.5656860205195499	0.45
72	5	55	114	4.32622	0.10260734367939499	0.45
73	5	55	126	6.10656	0.006839050512783526	0.45
74	5	56	20	8.39514	0.7380356299376349	0.45
75	5	56	220	5.11598	0.15575633799284325	0.45
76	5	57	275	6.15482	0.5739682743526899	0.45
77	5	58	7	7.82426	2.1321855502152736	0.45
78	5	59	3	7.6609	1.6230261949962037	0.45
79	5	60	1	5.88962	0.05253194207937007	0.45
80	5	61	15	4.22278	0.07146707721284157	0.45
81	5	62	440	5.871499999999999	3.0820771485673366	0.45
82	5	63	87	6.41388	0.5523174952208446	0.45
83	5	63	391	7.5571	0.2640724294621237	0.45
84	5	64	133	5.278560000000001	1.0374156161012706	0.45
85	5	64	365	4.89358	0.011257559970618763	0.45
86	5	65	108	9.3134	1.8000638677895109	0.45
87	5	66	435	4.13226	0.9977321219038392	0.45
88	5	67	369	6.26316	1.6520542281848285	0.45
89	5	68	5	6.39576	3.27540734346366	0.45
90	5	69	256	8.18414	0.5948760763921059	0.45
91	5	69	298	6.25162	0.9184208364052597	0.45
92	5	70	221	6.62086	0.7430973638833323	0.45
93	5	71	270	7.80002	0.5223670761562348	0.45
94	5	72	17	6.41434	0.0009215944295028594	0.45
95	5	72	246	6.47218	0.00946476902888038	0.45
96	5	73	85	5.48486	0.3870189260040135	0.45
97	5	74	27	7.04058	0.7006410181552842	0.45
98	5	75	123	5.33022	0.21011877807321072	0.45
99	5	75	247	5.78372	0.4904195844981534	0.45
100	5	76	37	7.548039999999999	1.270802169325967	0.45
101	5	76	331	7.70114	0.9243924703737343	0.45
102	5	77	94	4.85198	1.156490222393859	0.45
103	5	78	350	6.1551	1.6036114376113604	0.45
104	5	79	251	5.29202	0.14095553396065738	0.45
105	5	79	281	8.29954	1.0072012532101557	0.45
106	5	80	130	8.22868	2.5290943158812835	0.45
107	5	81	101	6.79844	0.41436604669803856	0.45
108	5	81	334	5.27948	0.14558073924197037	0.45
109	5	82	242	6.98662	0.9548390888419748	0.45
110	5	82	329	4.68332	0.3565715179720101	0.45
111	5	83	197	5.64592	1.7925995742572014	0.45
112	5	84	78	7.84262	0.8833335019435969	0.45
113	5	84	333	5.88962	0.05253194207936156	0.45
114	5	85	373	5.48486	0.3870189260040183	0.45
115	5	86	247	6.9737599999999995	0.07521852548986298	0.45
116	5	87	227	6.95406	0.8129751895793281	0.45
117	5	88	388	6.1397200000000005	1.893389513821674	0.45
118	5	89	396	4.3041	0.035715389803305096	0.45
119	5	90	157	7.46894	0.8085825484764648	0.45
120	5	90	158	4.428940000000001	0.09383157068666408	0.45
121	5	91	436	7.37304	4.33689141341814	0.45
122	5	92	82	8.66478	1.31141060681395	0.45
123	5	93	385	4.6977	0.11072580755734515	0.45
124	5	94	341	4.85198	1.156490222393859	0.45
125	5	95	59	6.692279999999999	0.5683540636234466	0.45
126	5	96	206	4.38426	0.012213656875662376	0.45
127	5	97	76	9.6419	2.195194639699701	0.45
128	5	98	224	5.46164	0.5593109629085902	0.45
129	5	99	129	6.3435999999999995	1.5888804319252914	0.45
130	5	100	374	7.283799999999999	1.6321834799171964	0.45
131	5	101	51	6.79844	0.41436604669803856	0.45
132	5	102	37	6.715879999999999	0.07724295184051969	0.45
133	5	102	331	6.33026	0.011472973649201898	0.45
134	5	103	190	6.07848	0.042936153276353896	0.45
135	5	103	191	5.864199999999999	0.017121833023445058	0.45
136	5	104	52	5.12564	0.38567709911982034	0.45
137	5	105	266	4.69304	0.33093292258447454	0.45
138	5	106	206	6.193639999999999	0.15060985683504427	0.45
139	5	106	373	4.4421	0.00020393302294441373	0.45
140	5	107	123	7.1265600000000004	0.9944148352918217	0.45
141	5	107	125	6.939139999999999	0.1596542730821613	0.45
142	5	108	285	9.3134	1.8000638677894998	0.45
143	5	109	297	5.0758	1.152932017721243	0.45
144	5	110	352	6.488460000000001	1.8709558206164845	0.45
145	5	111	295	7.1667000000000005	0.05785107022709412	0.45
146	5	112	81	5.78104	0.5599467859400159	0.45
147	5	112	416	5.1962600000000005	0.018137230703431872	0.45
148	5	113	11	5.63738	0.34875138857285354	0.45
149	5	114	398	7.39118	0.4742891115315276	0.45
150	5	115	55	6.89162	0.10944639419211377	0.45
151	5	115	243	5.35718	0.0199842732721504	0.45
152	5	116	126	4.913860000000001	0.013275911393678739	0.45
153	5	117	364	5.0431	0.9780044860404915	0.45
154	5	118	188	6.40914	1.2518371617835151	0.45
155	5	119	337	6.05036	0.9024141191631492	0.45
156	5	120	122	7.2425	0.3139711823455574	0.45
157	5	120	218	5.4557199999999995	0.16368601419341974	0.45
158	5	121	35	6.50056	1.5794183314760681	0.45
159	5	121	307	6.2537199999999995	0.4982258681893469	0.45
160	5	122	88	6.1397200000000005	1.893389513821674	0.45
161	5	123	225	8.6076	1.2045336133650393	0.45
162	5	124	86	6.9737599999999995	0.07521852548985979	0.45
163	5	124	302	7.07338	0.10257297829581308	0.45
164	5	125	124	6.35866	0.17779150378570693	0.45
165	5	126	127	6.12866	0.020114961906457524	0.45
166	5	127	177	6.12866	0.020114961906411058	0.45
167	5	128	178	5.7547	0.1294306674642983	0.45
168	5	128	179	6.9421	0.44394213848567826	0.45
169	5	129	131	7.921360000000001	0.8567243345112145	0.45
170	5	129	214	7.39702	0.7321560974139544	0.45
171	5	130	217	8.22868	2.529094315881305	0.45
172	5	131	80	7.921360000000001	0.8567243345112517	0.45
173	5	132	199	4.7233	0.04778554986611651	0.45
174	5	132	366	7.09098	0.5649488069954265	0.45
175	5	133	185	5.278560000000001	1.0374156161012706	0.45
176	5	134	207	4.38426	0.012213656875666631	0.45
177	5	135	98	5.46164	0.5593109629085846	0.45
178	5	136	111	7.1667000000000005	0.05785107022708666	0.45
179	5	137	136	7.1667000000000005	0.05785107022712021	0.45
180	5	138	100	6.08518	0.8890861160338697	0.45
181	5	138	410	6.32434	0.29108219946600633	0.45
182	5	139	138	5.8502600000000005	1.1801683154998757	0.45
183	5	140	275	8.0045	0.03600783529952398	0.45
184	5	140	323	5.8502600000000005	1.1801683155001632	0.45
185	5	141	300	5.712	0.16191872832490017	0.45
186	5	141	427	4.29624	0.8760590609637847	0.45
187	5	142	31	4.634659999999999	0.7349896243543973	0.45
188	5	142	345	8.67986	1.1967801328647263	0.45
189	5	143	142	6.83784	1.9317697572190757	0.45
190	5	144	254	7.45764	1.1351146547669133	0.45
191	5	144	282	7.65748	0.98836032547491	0.45
192	5	145	181	6.55912	2.0581946588388087	0.45
193	5	146	289	6.7311	2.2764049569771228	0.45
194	5	147	299	8.25022	1.3599098690881632	0.45
195	5	148	106	6.44122	0.15081378985797364	0.45
196	5	148	147	7.29958	1.023521040343602	0.45
197	5	149	73	5.48486	0.3870189260040205	0.45
198	5	149	148	5.4285	1.1743348302015997	0.45
199	5	150	152	2.9267	0.0013435170786790934	0.45
200	5	150	355	5.60428	0.12186583874700206	0.45
201	5	151	150	6.66146	0.12320935582568722	0.45
202	5	152	442	3.75492	0.47983873580863373	0.45
203	5	153	155	4.76156	0.06367505935192383	0.45
204	5	154	135	6.48714	0.2784877651376276	0.45
205	5	154	344	4.26218	0.39587280544803405	0.45
206	5	155	135	6.708200000000001	0.2808231977709891	0.45
207	5	156	65	6.94538	1.2545338859037012	0.45
208	5	157	318	7.46894	0.8085825484764595	0.45
209	5	158	260	4.428940000000001	0.09383157068666194	0.45
210	5	159	146	6.68452	0.47265164641523716	0.45
211	5	160	12	4.15846	0.0934288291598069	0.45
212	5	160	182	6.54918	1.2753374861230382	0.45
213	5	161	283	5.919980000000001	0.1980708782897814	0.45
214	5	162	237	5.566339999999999	1.1779847035269488	0.45
215	5	162	378	7.95348	1.2701600006742078	0.45
216	5	163	105	4.69304	0.33093292258446927	0.45
217	5	164	340	6.94332	2.336393914255484	0.45
218	5	165	167	7.840280000000001	0.8254498832659328	0.45
219	5	166	363	5.0431	0.9780044860404806	0.45
220	5	167	166	7.58356	0.7139320060324048	0.45
221	5	167	349	5.12296	0.1115178772335115	0.45
222	5	168	276	9.246799999999999	1.273145159461059	0.45
223	5	169	50	4.42476	0.16809798042041524	0.45
224	5	170	168	4.42476	0.16809798042041954	0.45
225	5	171	172	7.665039999999999	0.9927778802259327	0.45
226	5	171	258	6.75608	0.5153603518804724	0.45
227	5	172	54	6.2838199999999995	0.9028528629539867	0.45
228	5	172	173	4.05854	0.08992501727198363	0.45
229	5	173	393	5.775239999999999	0.42709185970643276	0.45
230	5	174	175	7.9566799999999995	0.5717430956834827	0.45
231	5	175	169	5.93762	0.12368317366120869	0.45
232	5	175	226	5.49126	0.4480599220222458	0.45
233	5	176	169	5.5142999999999995	0.04441480675925176	0.45
234	5	176	309	6.692279999999999	0.5683540636234837	0.45
235	5	177	356	5.1081	0.07909942114631986	0.45
236	5	178	115	5.7547	0.1294306674642871	0.45
237	5	179	114	7.84134	0.371681767852115	0.45
238	5	179	116	4.913860000000001	0.013275911393680334	0.45
239	5	179	177	6.05082	0.05898445923990704	0.45
240	5	180	145	6.77922	0.826974611035556	0.45
241	5	181	289	6.55912	2.0581946588388673	0.45
242	5	182	26	4.65244	0.04411743831978541	0.45
243	5	182	145	6.8104000000000005	1.2312200478032527	0.45
244	5	183	200	6.17388	0.5654652298118684	0.45
245	5	184	199	6.82058	0.22687938726118562	0.45
246	5	185	132	4.44206	0.6127343568614877	0.45
247	5	185	208	4.5826199999999995	0.42468125923977346	0.45
248	5	186	291	7.71904	1.7546871555674157	0.45
249	5	187	118	6.87468	0.07559036687721914	0.45
250	5	188	186	6.40914	1.2518371617835204	0.45
251	5	189	357	4.53078	0.06005798629989274	0.45
252	5	190	189	6.07848	0.042936153276400095	0.45
253	5	191	223	5.864199999999999	0.017121833023456823	0.45
254	5	192	89	2.6226800000000003	0.0003204494788304824	0.45
255	5	192	193	5.79894	0.0350730492320631	0.45
256	5	193	194	5.79894	0.03507304923205782	0.45
257	5	194	229	5.79894	0.035073049232065806	0.45
258	5	195	290	6.29828	0.8844582365270164	0.45
259	5	196	267	8.05176	0.26407248000821104	0.45
260	5	196	319	5.2274400000000005	0.6440688577219708	0.45
261	5	197	195	6.29828	0.8844582365269897	0.45
262	5	197	196	6.68188	0.9081413377301316	0.45
263	5	198	239	6.947080000000001	0.9838818378882903	0.45
264	5	199	216	5.815099999999999	0.2746649371273197	0.45
265	5	200	198	6.17388	0.5654652298118631	0.45
266	5	201	79	8.21704	1.1481567871708283	0.45
267	5	202	201	5.83018	0.8141947999238377	0.45
268	5	202	404	6.6635	0.24792962562036452	0.45
269	5	203	110	6.488460000000001	1.8709558206164794	0.45
270	5	204	43	7.6609	1.6230261949962248	0.45
271	5	205	92	5.8975800000000005	0.9300830697207646	0.45
272	5	205	351	6.89424	0.9325393156727583	0.45
273	5	206	184	7.09782	0.22653972750196583	0.45
274	5	207	96	4.38426	0.012213656875663654	0.45
275	5	208	134	4.38426	0.012213656875665621	0.45
276	5	208	279	6.7015199999999995	0.4124676023640993	0.45
277	5	209	210	6.12266	2.667326836839871	0.45
278	5	210	211	6.12266	2.667326836839913	0.45
279	5	211	163	4.69304	0.33093292258447243	0.45
280	5	211	164	6.94332	2.3363939142555106	0.45
281	5	212	231	7.78068	0.11991277824027204	0.45
282	5	212	271	5.9998	0.5188127821471614	0.45
283	5	213	338	6.6297999999999995	1.809422130000622	0.45
284	5	214	234	6.33242	1.9101408009408818	0.45
285	5	215	423	6.5559199999999995	0.8970703737996957	0.45
286	5	216	36	3.76072	0.06353258824372476	0.45
287	5	216	265	5.9836599999999995	0.21113234888358537	0.45
288	5	217	222	8.22868	2.529094315881342	0.45
289	5	218	8	7.1303	0.779130762235887	0.45
290	5	219	97	9.6419	2.1951946396996216	0.45
291	5	220	335	4.68422	0.3176750663177349	0.45
292	5	221	100	6.62086	0.7430973638833164	0.45
293	5	222	268	6.548979999999999	1.8088163802135844	0.45
294	5	222	296	5.82544	0.7202779356677687	0.45
295	5	223	189	5.864199999999999	0.017121833023467148	0.45
296	5	224	19	10.26372	0.3665713144887381	0.45
297	5	224	45	5.472	0.19273964841988506	0.45
298	5	225	66	6.966200000000001	0.6311608074150484	0.45
299	5	225	128	7.12514	0.5733728059499589	0.45
300	5	226	57	5.819	0.46245039711917785	0.45
301	5	227	25	7.16558	0.479013202332353	0.45
302	5	227	201	4.7014000000000005	0.33396198724700066	0.45
303	5	228	16	6.2211	0.41505441980486685	0.45
304	5	228	29	5.3052399999999995	0.5028499937839147	0.45
305	5	229	317	4.1886	0.0524957841976511	0.45
306	5	230	118	5.75952	1.1762467949062583	0.45
307	5	231	47	7.61396	1.1342670633889453	0.45
308	5	232	174	7.9566799999999995	0.5717430956834348	0.45
309	5	233	243	3.88368	0.04022395796276118	0.45
310	5	234	244	8.86256	2.8521450066709373	0.45
311	5	235	360	6.42368	0.8355326931966717	0.45
312	5	236	310	5.11718	1.9372250632762753	0.45
313	5	237	214	5.566339999999999	1.1779847035269326	0.45
314	5	238	74	4.7066	0.3118151015359851	0.45
315	5	239	301	5.48684	1.1950141867719561	0.45
316	5	240	180	6.77922	0.8269746110355773	0.45
317	5	241	9	5.741820000000001	0.9686451287970264	0.45
318	5	241	303	7.54024	1.4867955296624553	0.45
319	5	242	238	4.7066	0.3118151015359856	0.45
320	5	242	387	7.09928	0.6430239873059728	0.45
321	5	243	287	5.414560000000001	0.0602082312349209	0.45
322	5	244	58	7.06668	1.7608989261923977	0.45
323	5	244	168	6.70168	1.105047179040622	0.45
324	5	245	299	7.28968	0.5773151941881328	0.45
325	5	246	244	4.36302	0.013801098562082113	0.45
326	5	247	10	4.791060000000001	0.5656381099880249	0.45
327	5	248	220	5.712	0.1619187283248906	0.45
328	5	249	260	5.95234	0.5448939897007806	0.45
329	5	249	318	6.55258	0.44595133742707627	0.45
330	5	250	396	6.434240000000001	0.11484480453069787	0.45
331	5	251	77	5.3200400000000005	0.149288969183735	0.45
332	5	252	22	6.40134	0.15929706819197006	0.45
333	5	252	312	5.80756	0.6358968826713237	0.45
334	5	253	146	6.37972	0.8842192469016159	0.45
335	5	253	161	4.7048000000000005	0.18185407233342904	0.45
336	5	254	335	7.45764	1.1351146547669133	0.45
337	5	255	295	6.40134	0.15929706819198178	0.45
338	5	256	218	6.00422	0.6154447480424885	0.45
339	5	257	198	6.2725599999999995	0.4184166080764879	0.45
340	5	258	393	5.40546	0.5517856260645092	0.45
341	5	259	14	5.7677	0.6728699449428256	0.45
342	5	259	264	7.18786	0.2468663241628778	0.45
343	5	260	212	5.96846	0.638725560387449	0.45
344	5	261	59	6.116619999999999	1.0546721313727572	0.45
345	5	262	284	7.10372	1.3414655252609609	0.45
346	5	262	379	7.815999999999999	0.03161372265496989	0.45
347	5	263	186	5.3052399999999995	0.5028499937839174	0.45
348	5	264	412	6.44048	1.154069108374025	0.45
349	5	265	288	5.9836599999999995	0.21113234888358698	0.45
350	5	266	234	5.3573	0.9420042057300393	0.45
351	5	266	343	7.84202	0.49034125109788756	0.45
352	5	267	166	8.05176	0.2640724800081264	0.45
353	5	268	83	5.64592	1.7925995742572174	0.45
354	5	268	161	3.26082	0.016216805956344393	0.45
355	5	269	103	6.87596	0.06005798629974689	0.45
356	5	269	354	7.3754599999999995	1.6386154743307282	0.45
357	5	270	284	7.07854	0.7361786744045054	0.45
358	5	271	146	7.79632	0.8261052345005053	0.45
359	5	272	32	7.1303	0.7791307622359294	0.45
360	5	273	31	7.19186	0.30298816493432523	0.45
361	5	273	56	7.42762	0.8937919679304704	0.45
362	5	274	229	7.97242	0.01742273496555932	0.45
363	5	275	362	5.654739999999999	0.6099761096522583	0.45
364	5	276	16	7.925720000000001	1.4691646984849092	0.45
365	5	277	2	6.2077800000000005	1.3553265358215887	0.45
366	5	278	294	3.81678	0.3955834138441527	0.45
367	5	278	377	9.59966	5.115471541041129	0.45
368	5	279	113	5.63738	0.348751388572852	0.45
369	5	279	206	4.7651200000000005	0.06371621379124845	0.45
370	5	280	320	7.95348	1.270160000674139	0.45
371	5	281	77	8.29954	1.0072012532101347	0.45
372	5	282	160	8.10262	1.368766315282824	0.45
373	5	283	159	7.03692	0.4617337462038329	0.45
374	5	284	121	6.818420000000001	2.0776441996654023	0.45
375	5	285	144	7.85976	2.123474980241813	0.45
376	5	285	387	8.93872	0.5039050821343061	0.45
377	5	286	347	5.488919999999999	1.069089259581946	0.45
378	5	286	375	4.1203199999999995	0.9033761756455038	0.45
379	5	287	215	5.8621799999999995	0.7976413370042432	0.45
380	5	288	239	5.9836599999999995	0.21113234888358587	0.45
381	5	289	297	6.23656	4.334599615815986	0.45
382	5	290	327	5.35218	0.27322984301041087	0.45
383	5	290	330	6.62086	0.7430973638833536	0.45
384	5	291	231	6.80052	1.0143542851485965	0.45
385	5	291	347	5.59832	0.7403328704188196	0.45
386	5	292	384	6.093999999999999	0.06201381760480908	0.45
387	5	293	277	6.201460000000001	0.1648391199680377	0.45
388	5	293	394	4.9002	0.7322312538316539	0.45
389	5	294	266	7.65904	1.101412534243399	0.45
390	5	295	155	5.325	0.2171481384190993	0.45
391	5	296	339	5.82544	0.720277935667758	0.45
392	5	297	437	6.106459999999999	5.487531633537217	0.45
393	5	298	228	6.73888	0.9179044135888017	0.45
394	5	298	366	2.3617600000000003	0.0005164228164408475	0.45
395	5	299	236	5.11718	1.9372250632762698	0.45
396	5	300	248	5.712	0.16191872832489856	0.45
397	5	301	328	5.48684	1.1950141867719561	0.45
398	5	302	233	3.88368	0.0402239579627607	0.45
399	5	302	433	6.1969199999999995	0.062349020333049544	0.45
400	5	303	40	5.54446	1.1777183180467898	0.45
401	5	303	429	5.3725	0.30907721161567486	0.45
402	5	304	91	5.35526	2.3996663501418647	0.45
403	5	304	439	5.728199999999999	1.7518000542855747	0.45
404	5	305	69	5.87602	1.5132969127973763	0.45
405	5	305	80	7.1452800000000005	0.9652057116645487	0.45
406	5	306	32	8.137599999999999	0.28299366330843667	0.45
407	5	307	120	5.51126	0.47765719653895106	0.45
408	5	307	256	9.36718	0.020568671650445437	0.45
409	5	308	112	4.41722	0.5780840166434491	0.45
410	5	308	264	6.17926	0.9072027842111478	0.45
411	5	309	95	6.692279999999999	0.5683540636234466	0.45
412	5	310	91	5.11718	1.9372250632762753	0.45
413	5	311	65	6.47298	0.5455299818858254	0.45
414	5	311	137	7.1667000000000005	0.05785107022711329	0.45
415	5	312	371	5.80756	0.6358968826713289	0.45
416	5	313	23	4.94726	0.7482059182353565	0.45
417	5	314	90	6.05036	0.9024141191631438	0.45
418	5	315	26	6.2736	0.08760310808973132	0.45
419	5	316	261	6.116619999999999	1.0546721313727518	0.45
420	5	317	250	4.1886	0.052495784197651905	0.45
421	5	318	156	6.94538	1.2545338859037174	0.45
422	5	319	282	7.09992	0.3804059898080767	0.45
423	5	319	283	5.49172	0.26366286791394083	0.45
424	5	320	4	6.390359999999999	0.5643308802748561	0.45
425	5	320	383	6.093999999999999	0.06201381760485379	0.45
426	5	320	384	6.9201	0.6438153027944181	0.45
427	5	321	390	6.6297999999999995	1.8094221300006907	0.45
428	5	322	245	4.7272799999999995	0.12766998503107319	0.45
429	5	322	257	6.17506	0.2866960616669536	0.45
430	5	323	38	5.8502600000000005	1.1801683155001474	0.45
431	5	324	99	6.3435999999999995	1.5888804319252914	0.45
432	5	325	72	3.50958	0.010386363458393675	0.45
433	5	325	104	5.66716	0.29869084815728447	0.45
434	5	326	259	6.07748	0.9197362691056974	0.45
435	5	327	230	5.75952	1.1762467949062847	0.45
436	5	328	36	6.13664	0.6146453276873904	0.45
437	5	328	392	4.53324	0.5803688590845711	0.45
438	5	329	74	7.7903	0.24324517737734955	0.45
439	5	329	151	6.463	0.11332634059463657	0.45
440	5	330	70	6.62086	0.743097363883343	0.45
441	5	331	84	7.5409	0.9358654440229582	0.45
442	5	332	109	5.0758	1.152932017721243	0.45
443	5	333	60	5.88962	0.05253194207936838	0.45
444	5	334	74	5.27948	0.1455807392419656	0.45
445	5	335	344	5.41004	1.4527897210846548	0.45
446	5	336	46	7.97242	0.01742273496553302	0.45
447	5	336	362	5.11306	0.2255565835444128	0.45
448	5	337	314	6.05036	0.9024141191631653	0.45
449	5	338	61	4.22278	0.07146707721284157	0.45
450	5	338	147	5.1776	0.3363888287444924	0.45
451	5	338	389	7.59228	1.4015662240433095	0.45
452	5	339	78	5.82544	0.7202779356677528	0.45
453	5	340	102	4.22548	0.08871592548972589	0.45
454	5	340	342	7.31202	2.24767798876578	0.45
455	5	341	68	6.66534	2.6379308972316977	0.45
456	5	342	24	8.70016	1.6759348930823237	0.45
457	5	342	232	7.9566799999999995	0.5717430956834934	0.45
458	5	343	316	6.116619999999999	1.0546721313727676	0.45
459	5	344	367	6.50236	1.8486625265326895	0.45
460	5	345	273	8.67986	1.1967801328647367	0.45
461	5	346	57	5.12296	0.11151787723350667	0.45
462	5	347	53	6.6297999999999995	1.8094221300007283	0.45
463	5	348	332	6.41272	0.5398941076556782	0.45
464	5	349	346	5.12296	0.11151787723351307	0.45
465	5	350	39	6.1551	1.6036114376113442	0.45
466	5	351	92	5.32566	0.38132753709320116	0.45
467	5	351	326	5.06688	0.2728375197450242	0.45
468	5	351	361	4.4943	0.2783742588345426	0.45
469	5	352	205	6.458	1.862622385393395	0.45
470	5	352	418	3.4269000000000003	0.008333435223074077	0.45
471	5	353	80	7.2586	0.7071642697055629	0.45
472	5	353	176	5.8334	0.6127688703827494	0.45
473	5	354	41	6.70476	1.5195927673652934	0.45
474	5	354	379	5.7449200000000005	0.1190227069654462	0.45
475	5	355	287	8.00568	0.10153622309797579	0.45
476	5	355	356	4.2856000000000005	0.02032961564911284	0.45
477	5	356	215	8.37812	0.09942903679544829	0.45
478	5	357	305	6.85142	2.4785026244619783	0.45
479	5	358	269	5.48748	1.6986734606305123	0.45
480	5	358	357	6.2511399999999995	2.418444638162061	0.45
481	5	359	235	6.42368	0.8355326931966663	0.45
482	5	360	42	7.16694	0.48837823396093044	0.45
483	5	360	348	8.015460000000001	0.3471544592358002	0.45
484	5	361	89	7.24718	0.035394940324469534	0.45
485	5	361	336	8.83768	0.24297931851012147	0.45
486	5	362	359	6.42368	0.8355326931966663	0.45
487	5	363	117	5.0431	0.9780044860404806	0.45
488	5	364	48	5.0431	0.9780044860404862	0.45
489	5	365	159	5.68714	0.010917900211384422	0.45
490	5	365	184	1.9369079999999999	0.00033965975922877953	0.45
491	5	366	183	6.17388	0.5654652298118684	0.45
492	5	367	62	6.27958	1.8054534434225178	0.45
493	5	367	394	3.97142	0.04320908311020444	0.45
494	5	368	62	8.268500000000001	1.2766237051448188	0.45
495	5	368	443	5.26314	1.5743832886901614	0.45
496	5	369	64	8.67516	1.0486731760718997	0.45
497	5	369	311	8.178780000000001	0.6033810521129505	0.45
498	5	370	67	6.26316	1.6520542281848074	0.45
499	5	371	44	5.80756	0.6358968826713237	0.45
500	5	372	287	5.80756	0.6358968826713185	0.45
501	5	373	245	7.0369	0.4496452091570517	0.45
502	5	373	389	5.41618	0.00840737358155477	0.45
503	5	374	149	7.9539800000000005	1.5613537562056348	0.45
504	5	374	373	3.36148	0.07082972371164402	0.45
505	5	375	63	7.48768	0.8163899246829657	0.45
506	5	375	406	7.937079999999999	0.08698625096251243	0.45
507	5	376	286	6.05762	1.9724654352274442	0.45
508	5	377	162	5.15922	2.448144704201151	0.45
509	5	377	209	6.12266	2.667326836839871	0.45
510	5	378	280	7.95348	1.2701600006741707	0.45
511	5	379	385	5.63696	0.15063642962033885	0.45
512	5	380	258	5.3752200000000006	0.03642527418406308	0.45
513	5	380	262	4.43288	1.3730792479158385	0.45
514	5	381	13	7.32512	1.0709133671146722	0.45
515	5	381	93	4.6977	0.1107258075573462	0.45
516	5	382	313	4.94726	0.7482059182353565	0.45
517	5	383	292	6.093999999999999	0.06201381760481973	0.45
518	5	384	294	7.416359999999999	0.7058291203992186	0.45
519	5	385	386	7.65076	0.2613622371776127	0.45
520	5	386	18	3.4795599999999998	0.04755063892925224	0.45
521	5	386	270	6.551399999999999	0.21381159824827467	0.45
522	5	387	33	4.6038	1.146929069440511	0.45
523	5	388	253	7.523420000000001	1.0660733192350471	0.45
524	5	388	285	7.73976	0.8273161945867442	0.45
525	5	389	15	7.21652	1.4099735976249765	0.45
526	5	390	213	6.6297999999999995	1.8094221300006907	0.45
527	5	391	87	6.20594	0.2606576943584824	0.45
528	5	391	401	6.72156	0.0034147351036443474	0.45
529	5	392	441	5.243799999999999	1.2585467750156767	0.45
530	5	393	399	6.490880000000001	0.9788774857709186	0.45
531	5	394	438	4.71678	0.7754403369418573	0.45
532	5	395	246	8.16772	0.004336329533204339	0.45
533	5	396	408	5.7825	0.1505601943339942	0.45
534	5	397	9	5.8167	0.6608634903830612	0.45
535	5	397	40	4.8728	0.3180139953878888	0.45
536	5	398	10	7.398680000000001	0.6248493058655163	0.45
537	5	400	251	4.98686	0.008333435223080408	0.45
538	5	402	277	6.80116	1.1904874158535308	0.45
539	5	405	293	6.0453600000000005	0.8970703737996852	0.45
540	5	407	68	4.68454	0.6374764462319571	0.45
541	5	409	5	7.6288599999999995	0.8760590609637847	0.45
542	5	411	325	5.35426	0.30907721161567114	0.45
543	5	414	21	7.5397	1.3480451211664524	0.45
544	5	415	250	9.04438	0.06234902033306923	0.45
545	5	417	397	4.745959999999999	0.9788774857709505	0.45
546	5	419	395	6.25376	0.0034147351036616313	0.45
547	5	421	219	6.82658	0.5656860205195553	0.45
548	5	422	203	7.45702	0.24792962562031556	0.45
549	5	424	104	5.50312	0.08698625096253745	0.45
550	5	426	398	3.8797399999999995	0.1505601943339814	0.45
551	5	428	23	7.30922	0.2910821994660148	0.45
552	5	430	107	6.9707799999999995	1.1540691083739931	0.45
553	5	431	143	7.13828	1.884219118289837	0.45
554	5	434	125	7.8897	0.018137230703423463	0.45
555	5	444	241	6.1422	2.4554406584594815	0.45
556	5	445	324	6.67516	1.2683721955173168	0.45
557	5	446	358	7.971419999999999	4.117118098792626	0.45
558	5	447	171	7.02538	1.508138232106496	0.45
559	5	448	49	7.22764	1.5897494528195937	0.45
560	5	449	381	5.27412	1.181639174671988	0.45
561	5	450	376	5.35786	0.7032242188158573	0.45
562	5	451	278	7.38464	5.5110549548852665	0.45
563	5	452	380	7.9040799999999996	1.409504522099875	0.45
452	total number of nodes
name	x	y	z
1	228.88	199.352	170.62800000000001
2	17.7592	278.10299999999995	284.16900000000004
3	367.858	151.469	138.185
4	368.37600000000003	164.482	49.772099999999995
5	84.0043	4.47821	333.656
6	121.448	220.07600000000002	135.108
7	292.764	5.32068	196.828
8	43.7387	172.833	124.44800000000001
9	316.368	320.37800000000004	10.777299999999999
10	359.765	337.975	294.074
11	33.9945	246.185	312.044
12	125.56099999999999	216.094	277.426
13	81.0038	367.892	68.5562
14	345.971	6.37073	269.416
15	127.622	86.80980000000001	248.50099999999998
16	65.0218	82.17790000000001	135.21099999999998
17	296.546	3.52222	41.3957
18	25.65	340.24199999999996	130.99699999999999
19	249.046	318.363	311.03000000000003
20	183.648	341.395	245.58499999999998
21	226.474	16.569799999999997	22.7482
22	251.136	281.06600000000003	238.59
23	176.191	354.721	110.633
24	196.145	150.388	105.831
25	47.1256	104.111	114.055
26	224.636	121.281	301.58799999999997
27	250.767	165.734	311.164
28	366.39700000000005	186.96	37.7577
29	114.06	86.2152	129.574
30	134.202	12.2681	225.91
31	33.0726	353.548	219.929
32	37.738299999999995	141.097	124.88300000000001
33	77.17320000000001	283.514	275.096
34	328.995	287.073	205.704
35	48.8591	233.678	145.973
36	15.7392	23.4263	305.351
37	239.233	314.21	12.25
38	242.423	17.0824	88.0059
39	130.674	253.53799999999998	136.45000000000002
40	364.068	359.495	107.534
41	140.0	219.34799999999998	69.0043
42	339.555	168.96	339.44100000000003
43	342.638	130.09799999999998	176.641
44	314.316	251.01000000000002	274.281
45	241.754	254.76	271.499
46	358.262	84.04530000000001	292.872
47	172.353	187.22699999999998	286.168
48	145.46099999999998	150.97799999999998	135.664
49	70.9479	52.980399999999996	56.649
50	262.00699999999995	111.801	66.7513
51	186.69	20.9462	303.682
52	299.265	92.5278	128.494
53	111.293	155.085	293.409
54	31.6776	315.319	32.7055
55	292.85699999999997	274.89799999999997	372.01800000000003
56	115.955	359.875	214.35399999999998
57	242.537	70.66159999999999	100.24199999999999
58	270.50600000000003	73.42869999999999	159.96900000000002
59	358.908	165.521	100.286
60	250.13900000000004	204.652	130.471
61	126.621	110.616	286.728
62	112.37400000000001	340.433	311.073
63	1.2265	12.6572	37.376999999999995
64	11.2392	138.105	368.055
65	145.113	242.358	198.994
66	237.268	367.619	330.919
67	160.979	274.958	174.794
68	74.4285	19.7866	284.025
69	83.54509999999999	142.835	91.7418
70	186.333	38.961600000000004	155.63
71	95.2029	367.871	55.8949
72	313.924	1.89052	94.29230000000001
73	131.257	142.33	337.031
74	278.823	143.119	276.45799999999997
75	374.494	370.847	239.477
76	275.046	282.378	23.4226
77	57.6816	100.623	232.643
78	188.292	255.862	93.632
79	13.985700000000001	129.156	188.725
80	144.623	185.62	70.7997
81	262.277	76.26219999999999	263.633
82	326.015	192.81	267.095
83	163.327	131.072	75.143
84	242.708	283.559	88.97409999999999
85	133.11599999999999	128.407	359.63500000000005
86	312.695	371.471	261.04600000000005
87	1.4607	21.7501	105.295
88	22.0742	216.145	203.137
89	374.08	2.84002	295.909
90	158.159	178.27100000000002	192.511
91	113.279	40.7731	340.808
92	372.529	153.477	221.57899999999998
93	35.881099999999996	357.044	85.488
94	45.916	90.8904	226.64000000000001
95	321.101	137.664	113.19000000000001
96	25.9976	171.343	329.896
97	306.695	260.99800000000005	0.243115
98	216.264	283.152	271.677
99	108.125	129.151	22.677999999999997
100	236.858	14.5348	129.464
101	246.18699999999998	46.4731	296.17499999999995
102	253.177	219.28900000000002	55.4532
103	102.08	223.137	59.0151
104	323.46799999999996	54.0368	130.745
105	318.659	149.60999999999999	20.5607
106	103.86399999999999	131.98100000000002	319.97999999999996
107	286.998	350.936	267.944
108	111.56599999999999	255.07	203.00799999999998
109	198.00300000000001	196.25099999999998	338.225
110	348.29400000000004	116.262	185.32299999999998
111	191.688	259.929	238.834
112	283.38	54.5411	239.762
113	40.2765	226.832	364.887
114	292.60499999999996	276.44399999999996	372.824
115	291.97499999999997	275.038	368.551
116	293.148	264.64300000000003	374.17
117	152.434	148.22199999999998	121.853
118	143.556	132.521	131.449
119	149.68300000000002	152.39499999999998	141.011
120	47.5899	203.374	142.692
121	63.205600000000004	248.678	141.239
122	52.1375	225.46099999999998	153.18
123	278.121	365.39500000000004	284.223
124	293.945	345.589	264.652
125	285.325	344.437	263.845
126	296.247	265.572	374.789
127	297.46500000000003	262.005	370.25399999999996
128	267.521	267.527	366.18600000000004
129	138.432	171.194	64.8898
130	152.516	187.028	76.384
131	137.26999999999998	171.948	69.243
132	15.1319	134.743	353.354
133	13.219	134.969	367.687
134	27.5841	151.919	349.66
135	195.643	278.455	257.427
136	191.811	244.78199999999998	226.37699999999998
137	192.676	253.14700000000002	218.845
138	233.85	8.17792	94.6738
139	242.414	16.875799999999998	88.6068
140	242.50300000000001	28.4116	74.8292
141	40.741	346.252	236.093
142	31.010200000000005	349.066	215.427
143	31.505499999999998	363.303	204.88
144	104.795	235.812	258.101
145	128.68	215.812	287.112
146	127.871	215.09	278.223
147	112.43	124.43099999999998	308.399
148	109.40899999999999	137.584	316.84999999999997
149	128.178	142.691	326.024
150	338.084	174.731	343.535
151	325.714	157.741	336.921
152	345.613	172.016	343.094
153	186.93	289.956	245.048
154	186.58499999999998	273.503	262.62600000000003
155	191.528	275.962	245.64900000000003
156	148.82	192.04500000000002	185.716
157	149.433	174.619	191.92499999999998
158	167.391	168.849	188.406
159	114.761	198.591	282.065
160	123.8	218.368	277.669
161	122.325	205.989	258.7
162	330.752	129.909	45.612399999999994
163	318.856	157.57799999999997	26.6144
164	304.219	164.77700000000002	23.010199999999998
165	191.60999999999999	148.614	109.442
166	176.072	147.558	115.50399999999999
167	192.25	149.202	112.892
168	262.186	101.862	58.8127
169	264.65700000000004	115.464	70.1951
170	260.575	108.39	66.6674
171	13.655000000000001	329.62300000000005	30.3175
172	19.3072	321.576	30.3886
173	23.0115	325.041	40.760999999999996
174	257.06	114.988	72.8386
175	261.71099999999996	114.456	74.9198
176	281.995	130.98	67.24220000000001
177	292.14	252.52	362.13
178	281.157	271.326	363.774
179	282.084	261.024	373.665
180	137.894	213.29399999999998	282.00300000000004
181	128.198	222.308	290.935
182	125.13199999999999	219.54	283.974
183	20.9719	119.036	365.606
184	1.9151500000000001	148.775	353.16999999999996
185	21.1177	138.621	364.237
186	140.714	122.005	152.777
187	140.287	134.153	129.06300000000002
188	146.41400000000002	126.775	149.779
189	91.7692	218.10500000000002	50.995200000000004
190	99.29679999999999	220.521	54.5108
191	99.6974	228.96900000000002	62.4937
192	368.01599999999996	7.17282	297.6
193	372.919	13.0877	299.755
194	364.474	15.8052	299.545
195	155.369	117.652	79.5368
196	154.075	133.273	86.8521
197	163.137	129.609	78.91279999999999
198	37.8895	122.36300000000001	361.367
199	1.29408	132.199	344.834
200	29.729	125.004	359.94100000000003
201	37.9932	136.0	133.58200000000002
202	9.42413	153.54999999999998	124.943
203	348.473	125.305	180.368
204	353.79900000000004	140.66400000000002	166.842
205	357.554	109.45700000000001	202.952
206	39.2377	162.06	356.841
207	21.12	165.452	332.066
208	20.206500000000002	155.687	354.80400000000003
209	329.595	151.108	30.006500000000003
210	326.784	162.869	27.7177
211	319.944	161.234	22.889300000000002
212	175.493	167.954	276.115
213	105.992	125.449	283.108
214	319.531	118.807	27.026699999999998
215	313.24100000000004	255.76800000000003	339.00500000000005
216	17.3019	128.46200000000002	323.61899999999997
217	155.874	177.045	86.97720000000001
218	46.901199999999996	186.93	140.912
219	333.577	289.104	9.11331
220	125.208	336.68100000000004	234.697
221	221.144	40.1284	158.281
222	178.589	159.564	76.21549999999999
223	95.4311	232.336	59.9688
224	240.62800000000001	290.454	276.54200000000003
225	224.882	360.049	342.15500000000003
226	257.18399999999997	97.2629	115.38300000000001
227	24.566499999999998	104.713	120.765
228	72.1131	108.57	131.734
229	351.301	38.2537	294.061
230	162.935	125.62200000000001	120.31
231	164.636	185.148	278.13399999999996
232	230.833	137.155	43.3217
233	298.69199999999995	283.214	331.32399999999996
234	330.995	100.108	21.1023
235	341.416	156.197	301.822
236	112.204	106.688	343.371
237	331.327	107.532	42.698299999999996
238	278.99199999999996	167.142	248.516
239	32.527	113.97699999999999	355.71099999999996
240	170.237	197.32	290.35999999999996
241	313.118	340.60900000000004	41.987199999999994
242	311.238	184.85	273.739
243	301.548	274.17	338.816
244	284.382	92.206	66.46900000000001
245	131.15499999999997	89.98270000000001	317.74800000000005
246	333.492	21.6633	83.249
247	325.058	361.93800000000005	273.723
248	119.31400000000001	359.802	251.09900000000002
249	120.107	168.77	180.489
250	341.421	27.435100000000002	313.45
251	40.2112	123.683	207.82
252	303.664	273.226	220.242
253	117.124	208.578	247.46099999999998
254	108.81099999999999	250.90000000000003	276.82899999999995
255	222.866	269.235	236.691
256	70.36240000000001	180.132	132.566
257	200.16	90.47659999999999	308.762
258	1.77431	342.146	37.8725
259	335.84000000000003	22.9953	233.751
260	167.116	145.80999999999997	228.558
261	359.521	190.294	119.108
262	8.67015	328.46299999999997	90.104
263	119.30499999999999	125.947	145.771
264	299.375	17.8551	251.322
265	18.346799999999998	109.659	330.006
266	327.251	136.909	6.98252
267	168.31	135.54	96.3538
268	181.497	141.711	66.9041
269	134.62	220.198	47.8673
270	36.5388	333.81399999999996	90.3643
271	181.417	192.9	268.214
272	41.1235	147.498	118.66199999999999
273	45.319199999999995	367.937	222.374
274	371.7	42.200100000000006	296.603
275	260.527	47.257	68.8818
276	54.021499999999996	86.8259	129.21499999999997
277	7.42789	294.93	303.116
278	346.981	137.727	21.7692
279	31.550500000000003	167.333	359.38
280	351.214	136.042	49.6979
281	44.8236	108.481	244.307
282	110.999	216.321	273.62399999999997
283	115.723	197.616	274.992
284	13.9049	296.328	73.3435
285	99.1271	252.431	238.78199999999998
286	72.1317	11.1669	65.4263
287	313.272	256.688	334.307
288	26.8431	121.729	348.96599999999995
289	153.544	224.153	318.59999999999997
290	160.94199999999998	77.2063	73.2399
291	141.853	171.506	306.14500000000004
292	363.626	104.929	76.9866
293	36.3555	308.392	318.27299999999997
294	351.239	137.148	8.062180000000001
295	198.951	272.527	243.872
296	192.70600000000002	188.084	94.33109999999999
297	174.859	210.39600000000002	359.21999999999997
298	72.97789999999999	110.16	105.682
299	114.32100000000001	102.866	320.86400000000003
300	74.98	352.363	260.319
301	16.540100000000002	82.6648	356.847
302	305.264	335.81300000000005	307.398
303	345.136	329.509	111.056
304	115.024	30.0614	335.221
305	141.395	186.13	58.1175
306	41.5181	133.56	121.58800000000001
307	54.2981	200.72199999999998	129.404
308	281.811	39.3398	236.29
309	290.284	133.761	77.738
310	111.47200000000001	89.2202	341.48
311	155.92700000000002	253.66499999999996	195.42600000000002
312	307.80199999999996	262.85499999999996	229.338
313	169.99300000000002	364.81699999999995	122.001
314	159.252	184.01600000000002	180.774
315	227.016	130.529	307.41999999999996
316	371.798	193.974	121.55900000000001
317	343.586	42.9687	301.06
318	142.022	180.086	187.484
319	105.354	203.16600000000003	268.235
320	362.627	138.07899999999998	57.772999999999996
321	104.176	141.852	291.90200000000004
322	203.933	87.2179	323.01
323	236.103	26.8709	89.78059999999999
324	86.09110000000001	96.86	20.7317
325	310.01500000000004	27.0778	132.29299999999998
326	356.956	29.1611	190.24800000000002
327	161.791	107.937	128.979
328	18.9975	45.722300000000004	331.60900000000004
329	291.248	131.701	286.918
330	146.58100000000002	8.48268	106.72500000000001
331	233.42600000000002	251.69199999999998	51.436800000000005
332	220.03	206.989	317.818
333	277.19300000000004	243.63799999999998	118.659
334	260.132	107.196	261.521
335	134.994	285.889	261.00899999999996
336	353.054	98.84599999999999	276.204
337	157.068	162.966	160.764
338	113.629	123.402	293.129
339	200.648	235.986	106.842
340	264.58500000000004	181.036	0.28018
341	70.9941	41.9629	235.379
342	221.597	133.019	10.1418
343	336.755	190.846	46.4055
344	152.792	267.54200000000003	295.339
345	21.8805	315.986	217.024
346	215.006	97.45570000000001	102.71499999999999
347	127.33800000000001	150.875	302.601
348	206.98	244.071	300.31600000000003
349	205.628	146.42100000000002	119.49499999999999
350	159.718	237.566	119.664
351	359.299	98.7454	197.36499999999998
352	354.326	109.967	190.26899999999998
353	140.395	205.41	71.93010000000001
354	146.709	216.696	55.7167
355	311.703	241.48600000000002	330.836
356	321.56	259.468	344.80300000000005
357	133.88899999999998	202.731	45.9763
358	145.435	231.505	44.298899999999996
359	345.553	145.826	310.918
360	335.217	166.293	313.189
361	363.48499999999996	90.8176	271.262
362	355.433	108.094	282.036
363	164.711	151.90200000000002	124.30399999999999
364	144.719	152.93699999999998	128.851
365	4.98059	140.436	359.21
366	15.472500000000002	125.466	358.848
367	123.787	342.46999999999997	319.148
368	105.257	327.201	309.566
369	164.752	271.69899999999996	189.042
370	154.668	284.95300000000003	175.96699999999998
371	304.352	259.43100000000004	263.067
372	316.838	262.822	286.13599999999997
373	131.356	130.152	327.015
374	132.006	137.188	321.875
375	63.072500000000005	1.75761	72.4721
376	72.3115	15.1961	53.7068
377	330.823	139.947	33.9381
378	336.99100000000004	123.97299999999998	58.7638
379	12.186	336.104	97.7791
380	7.32085	336.862	77.14670000000001
381	70.0289	357.47200000000004	58.343
382	85.35260000000001	367.498	82.0646
383	373.94	133.157	61.675399999999996
384	370.63800000000003	131.017	46.941399999999994
385	21.282400000000003	345.296	92.64540000000001
386	27.392699999999998	342.802	101.559
387	96.3371	263.375	246.546
388	87.2055	242.768	236.612
389	124.465	128.868	299.665
390	106.449	132.88	282.92600000000004
391	0.0	0.0	0.0
392	0.0	0.0	371.25
393	0.0	371.25	0.0
394	0.0	371.25	371.25
395	371.25	0.0	0.0
396	371.25	0.0	371.25
397	371.25	371.25	0.0
398	371.25	371.25	371.25
399	0.0	359.214	10.0571
400	0.0	124.50699999999999	215.019
401	0.0	24.8464	3.69168
402	0.0	320.397	318.47499999999997
403	0.0	291.01099999999997	41.119499999999995
404	0.0	131.144	189.397
405	0.0	290.017	321.48
406	0.0	7.17781	93.6134
407	0.0	9.28423	255.72799999999998
408	369.686	0.0	350.117
409	25.2151	0.0	278.679
410	249.443	0.0	95.6927
411	289.693	0.0	110.077
412	282.278	0.0	272.923
413	31.409599999999998	0.0	173.845
414	208.727	0.0	1.07662
415	318.40999999999997	0.0	359.481
416	251.31699999999998	0.0	219.46800000000002
417	375.0	359.214	10.0571
418	375.0	124.50699999999999	215.019
419	375.0	24.8464	3.69168
420	375.0	320.397	318.47499999999997
421	375.0	291.01099999999997	41.119499999999995
422	375.0	131.144	189.397
423	375.0	290.017	321.48
424	375.0	7.17781	93.6134
425	375.0	9.28423	255.72799999999998
426	369.686	375.0	350.117
427	25.2151	375.0	278.679
428	249.443	375.0	95.6927
429	289.693	375.0	110.077
430	282.278	375.0	272.923
431	31.409599999999998	375.0	173.845
432	208.727	375.0	1.07662
433	318.40999999999997	375.0	359.481
434	251.31699999999998	375.0	219.46800000000002
435	253.594	368.137	375.0
436	131.793	36.7423	375.0
437	210.677	262.477	375.0
438	28.6105	305.49499999999995	375.0
439	81.0787	42.7701	375.0
440	52.132999999999996	368.815	375.0
441	37.6962	2.49634	375.0
442	360.114	150.793	375.0
443	31.226899999999997	335.38300000000004	375.0
444	253.594	368.137	0.0
445	131.793	36.7423	0.0
446	210.677	262.477	0.0
447	28.6105	305.49499999999995	0.0
448	81.0787	42.7701	0.0
449	52.132999999999996	368.815	0.0
450	37.6962	2.49634	0.0
451	360.114	150.793	0.0
452	31.226899999999997	335.38300000000004	0.0
27 total number of boundary nodes
node bctyp press/flow   HD    PO2    solute 3
400	2	2.0	0.45	50.	1.
402	2	2.0	0.45	50.	1.
405	2	2.0	0.45	50.	1.
407	2	2.0	0.45	50.	1.
409	2	2.0	0.45	50.	1.
411	2	2.0	0.45	50.	1.
414	2	2.0	0.45	50.	1.
415	2	2.0	0.45	50.	1.
417	2	2.0	0.45	50.	1.
419	2	2.0	0.45	50.	1.
421	2	2.0	0.45	50.	1.
422	2	2.0	0.45	50.	1.
424	2	2.0	0.45	50.	1.
426	2	2.0	0.45	50.	1.
428	2	2.0	0.45	50.	1.
430	2	2.0	0.45	50.	1.
431	2	2.0	0.45	50.	1.
434	2	2.0	0.45	50.	1.
444	2	2.0	0.45	50.	1.
445	2	2.0	0.45	50.	1.
446	2	2.0	0.45	50.	1.
447	2	2.0	0.45	50.	1.
448	2	2.0	0.45	50.	1.
449	2	2.0	0.45	50.	1.
450	2	2.0	0.45	50.	1.
451	2	2.0	0.45	50.	1.
452	2	2.0	0.45	50.	1.
