Brain network by Wahbi
375.0	375.0	375.0	box dimensions in microns
25	25	25	number of tissue points in x,y,z directions
100.	outer bound distance
100.	max. segment length
5	nodsegm, max. allowed number of segments per node
559	total number of segments
name	type	from	to	diam.	rel. flow	hem.
1	5	1	363	6.6297999999999995	0.017075717135344212	0.45
2	5	2	279	6.2077800000000005	1.8632131024730383	0.45
3	5	3	91	6.6022	2.5024324879072144	0.45
4	5	4	28	6.1551	0.1210516207881756	0.45
5	5	5	321	6.09054	0.287513037931945	0.45
6	5	5	442	5.82808	0.9996821722280976	0.45
7	5	6	263	5.741820000000001	0.03464613028229659	0.45
8	5	6	307	5.8167	0.34886304366705073	0.45
9	5	7	157	7.398680000000001	0.5023718105954577	0.45
10	5	8	135	6.55552	2.205755441413041	0.45
11	5	8	227	5.14978	1.015439214886103	0.45
12	5	9	219	4.94726	0.4350079709352795	0.45
13	5	10	397	9.7903	0.9590876715970732	0.45
14	5	10	428	4.22278	0.009148494646092322	0.45
15	5	11	367	5.87602	0.15646402218134345	0.45
16	5	12	145	4.42476	0.034474864484048316	0.45
17	5	13	380	7.21652	1.1077897381773585	0.45
18	5	13	381	6.2211	2.172134746600657	0.45
19	5	14	51	8.39514	1.9851225317498926	0.45
20	5	15	260	7.0099	0.26094316036856396	0.45
21	5	15	346	5.86474	0.9633643927165836	0.45
22	5	16	29	6.89162	0.3565163094171239	0.45
23	5	17	7	4.791060000000001	0.38132018980728066	0.45
24	5	18	56	8.67516	2.005630102678406	0.45
25	5	19	254	7.30922	4.261436780989939	0.45
26	5	20	39	4.8728	0.014715885380608515	0.45
27	5	21	268	5.73352	0.24191363384202302	0.45
28	5	21	343	8.70016	0.7421218189729489	0.45
29	5	22	429	8.137599999999999	1.7363723210430104	0.45
30	5	23	313	6.55876	0.25783025514744307	0.45
31	5	24	194	7.35796	0.4161609322205805	0.45
32	5	25	276	5.50312	0.4536170662319327	0.45
33	5	26	315	8.18414	0.7481750899728173	0.45
34	5	27	81	5.64644	0.8699601710114636	0.45
35	5	28	7	6.1551	0.12105162078817698	0.45
36	5	29	256	6.89162	0.35651630941713397	0.45
37	5	30	69	8.29954	1.2598271238139234	0.45
38	5	31	140	5.68714	1.2533406328566579	0.45
39	5	32	56	4.634659999999999	0.0391713608530863	0.45
40	5	32	298	7.37618	0.7854337502530226	0.45
41	5	33	393	8.3239	0.27385508850502577	0.45
42	5	33	426	4.6038	0.5265422933620306	0.45
43	5	34	255	6.160679999999999	0.2415216819758047	0.45
44	5	34	425	7.09516	0.15538664764364934	0.45
45	5	35	121	3.76072	0.14313164062368322	0.45
46	5	36	90	4.7695	1.0117794180734925	0.45
47	5	37	23	4.65244	0.17594876710390356	0.45
48	5	37	331	7.640300000000001	0.6115356039119347	0.45
49	5	38	323	5.325	0.25529838851134296	0.45
50	5	39	64	8.06388	0.2689211963570339	0.45
51	5	40	396	8.873579999999999	2.8851236102696096	0.45
52	5	41	353	3.81678	0.12940051410576892	0.45
53	5	42	149	7.16694	0.02911317658395405	0.45
54	5	42	151	7.61396	0.017365382394951657	0.45
55	5	43	27	5.64644	0.8699601710114636	0.45
56	5	43	203	6.05036	0.2922732286829884	0.45
57	5	44	371	5.5953800000000005	0.9682361662431656	0.45
58	5	45	302	6.0567400000000005	0.8357210456159858	0.45
59	5	46	14	7.48156	1.5085773345208378	0.45
60	5	46	289	4.88524	0.24518907779655114	0.45
61	5	47	240	4.50272	1.8875896335619045	0.45
62	5	48	87	6.1814800000000005	0.1155761742621166	0.45
63	5	48	186	4.330220000000001	0.014315934821131651	0.45
64	5	49	16	6.89162	0.3565163094171221	0.45
65	5	49	375	7.42762	0.5531641864485194	0.45
66	5	50	168	6.29828	0.18779110305232644	0.45
67	5	51	61	5.819	1.241677385663256	0.45
68	5	51	80	6.15482	0.1211015024998505	0.45
69	5	51	334	5.12296	0.6223436435867803	0.45
70	5	52	57	7.06668	0.3148115925939857	0.45
71	5	52	226	6.692279999999999	0.9337004540286518	0.45
72	5	53	441	8.268500000000001	2.5462848873252826	0.45
73	5	54	172	6.41388	0.13015035952527082	0.45
74	5	54	392	7.48768	0.2851554892389969	0.45
75	5	55	113	7.5571	1.0221861925930773	0.45
76	5	56	220	9.3134	2.044801463531489	0.45
77	5	57	137	6.94538	0.17959114118119282	0.45
78	5	57	325	6.47298	0.13522045141279382	0.45
79	5	58	52	7.6609	1.2485120466226443	0.45
80	5	58	308	6.966200000000001	3.192200557416783	0.45
81	5	59	60	4.13226	0.11466481548704395	0.45
82	5	60	3	6.39576	0.03378850298541374	0.45
83	5	60	261	6.66534	0.08087631250157933	0.45
84	5	61	88	4.68454	0.493502295690452	0.45
85	5	61	322	8.18414	0.7481750899728037	0.45
86	5	62	366	6.25162	0.4944013980358616	0.45
87	5	63	49	6.10656	0.5739802115962919	0.45
88	5	63	228	6.41434	0.1468769008828605	0.45
89	5	64	327	4.7066	0.3170574888009489	0.45
90	5	65	225	5.27948	1.2532111252561768	0.45
91	5	65	386	5.33022	0.86539578469532	0.45
92	5	66	368	5.35526	0.6658295259765086	0.45
93	5	67	5	7.82426	1.2871952101600468	0.45
94	5	68	298	5.3200400000000005	0.27112364649547616	0.45
95	5	69	409	5.82544	1.8535520049647345	0.45
96	5	70	262	8.21704	0.5507756253036143	0.45
97	5	70	400	8.22868	0.039268356091909505	0.45
98	5	71	109	10.26372	4.440712604039399	0.45
99	5	71	349	7.1452800000000005	0.369409528086505	0.45
100	5	72	434	5.78104	3.3805294839333238	0.45
101	5	73	438	4.68332	1.2516723186880154	0.45
102	5	74	22	7.16558	1.494850639067217	0.45
103	5	74	355	6.95406	1.4180243461185766	0.45
104	5	75	433	7.24718	0.011910661720777484	0.45
105	5	76	414	4.428940000000001	0.33793737585454015	0.45
106	5	77	83	5.35526	0.6658295259765086	0.45
107	5	77	311	3.50958	0.04813629244391091	0.45
108	5	78	216	5.8975800000000005	1.7452676333419834	0.45
109	5	78	335	5.32566	0.34134150254801976	0.45
110	5	79	129	6.08518	0.22662612185415087	0.45
111	5	79	305	7.283799999999999	0.1743737667441854	0.45
112	5	80	193	4.22548	0.8402593979386693	0.45
113	5	81	238	5.64644	0.8699601710114636	0.45
114	5	82	107	5.864199999999999	0.20487278373051046	0.45
115	5	83	369	5.35526	0.6658295259764994	0.45
116	5	84	389	3.97142	0.04782796380443535	0.45
117	5	85	10	5.5953800000000005	0.9682361662431609	0.45
118	5	86	25	5.50312	0.453617066231929	0.45
119	5	86	228	6.44122	0.8731757689180701	0.45
120	5	87	301	4.4421	0.22561976660419567	0.45
121	5	88	250	6.9707799999999995	1.3076159270191348	0.45
122	5	89	156	5.1962600000000005	0.1266518911505032	0.45
123	5	89	314	7.39118	0.636663079813538	0.45
124	5	90	304	5.7547	0.8523433475786815	0.45
125	5	90	402	5.35718	0.15943607049481245	0.45
126	5	91	355	6.6022	2.5024324879072095	0.45
127	5	92	270	7.09992	0.7172802692257513	0.45
128	5	93	281	6.40914	0.8661684353462181	0.45
129	5	93	330	5.75952	1.1606654871352813	0.45
130	5	94	266	5.654739999999999	0.06797870149635142	0.45
131	5	95	53	6.116619999999999	1.0945842976068025	0.45
132	5	95	67	5.78372	0.02385157435414511	0.45
133	5	96	74	7.5409	2.9128749851857707	0.45
134	5	97	65	7.7903	2.118606909951492	0.45
135	5	98	202	4.85198	0.08028954271543769	0.45
136	5	98	209	6.1397200000000005	0.894820981657786	0.45
137	5	99	221	6.42368	0.24420649727778637	0.45
138	5	100	245	5.12296	0.6223436435867803	0.45
139	5	101	77	5.11718	0.7139658184204176	0.45
140	5	102	190	6.94332	2.374958030262474	0.45
141	5	103	246	7.921360000000001	4.810122132125881	0.45
142	5	104	162	7.09928	0.04639962988663267	0.45
143	5	105	265	6.35866	0.7174245738361872	0.45
144	5	106	124	7.65748	0.3362787847867866	0.45
145	5	107	120	7.8897	0.49322167810301176	0.45
146	5	108	297	7.12514	1.3673993176339907	0.45
147	5	109	58	10.26372	4.4407126040394225	0.45
148	5	110	295	5.8334	0.28859202173423554	0.45
149	5	111	46	7.22764	1.7537664123174075	0.45
150	5	111	326	7.39702	0.8644362432617743	0.45
151	5	112	95	5.4557199999999995	1.1184358719609493	0.45
152	5	113	233	7.5571	1.0221861925930131	0.45
153	5	114	55	5.278560000000001	0.23193560543601	0.45
154	5	114	243	5.46164	0.2704725178021727	0.45
155	5	115	178	6.708200000000001	1.8437671561534918	0.45
156	5	116	350	6.32434	0.13139010532987788	0.45
157	5	116	364	4.32622	0.12989210908324653	0.45
158	5	117	187	4.330220000000001	0.014315934821135638	0.45
159	5	118	212	5.712	0.4129697107622569	0.45
160	5	118	263	4.29624	0.01840216623324533	0.45
161	5	119	121	8.67986	2.0357303362946713	0.45
162	5	120	6	6.766	0.3835091739493488	0.45
163	5	120	35	5.8178399999999995	0.10971250415365837	0.45
164	5	121	213	7.45764	2.178861976918325	0.45
165	5	122	106	7.65748	0.33627878478681594	0.45
166	5	122	224	6.818420000000001	1.517273220177938	0.45
167	5	123	45	5.0431	0.6399530986346162	0.45
168	5	124	123	7.65748	0.3362787847867862	0.45
169	5	125	55	4.89358	0.7902505871570655	0.45
170	5	125	115	6.48714	1.174995721858552	0.45
171	5	126	125	6.8104000000000005	1.9652463090154708	0.45
172	5	127	114	7.09098	0.5024081232382116	0.45
173	5	128	21	7.840280000000001	0.9840354528149766	0.45
174	5	129	217	6.37972	1.2133657296802154	0.45
175	5	130	79	6.62086	0.2287120731853337	0.45
176	5	130	128	4.15846	0.20825649132908472	0.45
177	5	131	112	4.44206	0.5552508455147139	0.45
178	5	132	131	7.29958	0.25585065780131055	0.45
179	5	132	184	5.1776	1.0207511430544154	0.45
180	5	133	2	5.63738	0.3362428514238026	0.45
181	5	133	208	7.9539800000000005	0.44271801962238366	0.45
182	5	134	153	4.05854	0.035226671223674406	0.45
183	5	135	136	6.66146	2.1514012600171966	0.45
184	5	135	197	2.9267	0.054354181395833305	0.45
185	5	136	271	5.60428	1.4746199227996661	0.45
186	5	136	344	6.463	0.6767813372175346	0.45
187	5	137	138	3.75492	0.0799896686270118	0.45
188	5	137	165	4.26218	0.09960147255417962	0.45
189	5	138	38	5.325	0.2552983885111459	0.45
190	5	139	290	3.81678	0.12940051410576986	0.45
191	5	140	207	5.68714	1.2533406328566625	0.45
192	5	141	31	5.68714	1.2533406328566532	0.45
193	5	141	401	8.10262	0.7736192357147403	0.45
194	5	142	141	6.54918	2.0269598685713843	0.45
195	5	142	248	3.26082	0.09832422691672206	0.45
196	5	143	254	5.919980000000001	1.604837281305602	0.45
197	5	144	180	7.58356	1.8887441716240818	0.45
198	5	144	181	8.05176	1.2568873866778765	0.45
199	5	145	158	6.70168	0.32371902134084657	0.45
200	5	146	147	5.93762	0.6457730736266265	0.45
201	5	147	105	6.9737599999999995	0.6091359579550948	0.45
202	5	147	148	5.5142999999999995	0.03663711567154672	0.45
203	5	148	291	5.5142999999999995	0.03663711567154763	0.45
204	5	149	150	7.665039999999999	0.04647855897887926	0.45
205	5	150	388	7.02538	0.5490887699856001	0.45
206	5	151	149	7.61396	0.01736538239490495	0.45
207	5	152	153	5.775239999999999	0.25336535051057335	0.45
208	5	153	112	4.7233	0.5631850264462308	0.45
209	5	153	373	5.49126	1.0077185022839055	0.45
210	5	154	134	4.05854	0.03522667122367445	0.45
211	5	154	152	5.775239999999999	0.2533653505105674	0.45
212	5	155	230	6.05082	0.18483039240516255	0.45
213	5	156	318	5.1962600000000005	0.12665189115051653	0.45
214	5	157	89	7.84134	0.7633149709639702	0.45
215	5	158	283	6.70168	0.32371902134081404	0.45
216	5	159	12	4.42476	0.03447486448404144	0.45
217	5	159	282	7.09782	1.2224125221937767	0.45
218	5	160	253	6.44048	0.3046843658074505	0.45
219	5	161	214	1.9369079999999999	7.798371501435773e-07	0.45
220	5	161	383	5.3052399999999995	0.05994306527511523	0.45
221	5	162	211	7.09928	0.04639962988660334	0.45
222	5	163	211	7.71904	0.030782089243373403	0.45
223	5	164	24	7.04058	0.03146202960350621	0.45
224	5	165	230	5.64592	0.09879891293147382	0.45
225	5	165	337	5.2274400000000005	0.0008025596227144949	0.45
226	5	166	164	6.68188	0.030659469980926547	0.45
227	5	167	169	6.29828	0.18779110305234803	0.45
228	5	168	175	6.947080000000001	0.6784307759499886	0.45
229	5	169	50	6.29828	0.18779110305239843	0.45
230	5	170	258	5.815099999999999	0.38420886947520505	0.45
231	5	170	392	5.83018	0.1507087794993511	0.45
232	5	171	54	5.871499999999999	0.415305848764259	0.45
233	5	171	170	6.2725599999999995	0.534917648974532	0.45
234	5	171	172	4.7014000000000005	0.15756624043854123	0.45
235	5	172	258	6.6635	0.28771659996386206	0.45
236	5	173	174	6.17388	0.49063967289767174	0.45
237	5	174	168	6.17388	0.4906396728976764	0.45
238	5	175	309	7.921360000000001	4.81012213212579	0.45
239	5	176	126	6.8104000000000005	1.9652463090155214	0.45
240	5	177	108	6.12866	1.341359032915321	0.45
241	5	178	127	7.09098	0.5024081232381794	0.45
242	5	178	177	6.12866	1.3413590329153122	0.45
243	5	179	144	7.95348	3.145631558301876	0.45
244	5	180	19	7.5397	1.5995000147673872	0.45
245	5	180	145	9.246799999999999	0.28924415685681065	0.45
246	5	181	159	8.05176	1.256887386677913	0.45
247	5	182	199	5.9836599999999995	1.1477118647540703	0.45
248	5	183	184	6.458	0.26156036394147475	0.45
249	5	184	153	7.9566799999999995	1.2823115069959155	0.45
250	5	185	273	4.69304	0.06736423133667684	0.45
251	5	186	117	4.330220000000001	0.01431593482113651	0.45
252	5	187	185	4.330220000000001	0.01431593482113674	0.45
253	5	188	189	6.94332	2.3749580302623916	0.45
254	5	188	307	6.12266	1.6202890422393337	0.45
255	5	189	102	6.94332	2.3749580302625017	0.45
256	5	190	78	7.37304	2.0866091358900083	0.45
257	5	190	223	4.913860000000001	0.28834889437249667	0.45
258	5	191	88	6.939139999999999	0.15759291932849795	0.45
259	5	191	250	5.9998	0.8399093206830208	0.45
260	5	192	191	5.96846	0.9975022400115213	0.45
261	5	193	192	6.33242	0.8819602348767275	0.45
262	5	194	196	7.35796	0.41616093222060296	0.45
263	5	195	267	6.5559199999999995	0.22765185825792691	0.45
264	5	196	82	6.87596	0.188509073962659	0.45
265	5	196	195	6.5559199999999995	0.22765185825796272	0.45
266	5	197	110	5.8334	0.2885920217342287	0.45
267	5	197	240	6.00422	0.9134740244156533	0.45
268	5	198	131	8.25022	0.2994001877133608	0.45
269	5	198	183	4.38426	0.12727883239764573	0.45
270	5	199	197	5.9836599999999995	1.1477118647540472	0.45
271	5	200	68	7.70114	0.19083410378004487	0.45
272	5	200	201	7.19186	0.8246051111060094	0.45
273	5	201	32	7.19186	0.8246051111060553	0.45
274	5	202	68	4.85198	0.08028954271543631	0.45
275	5	203	352	4.68422	0.2588540922129442	0.45
276	5	203	423	6.548979999999999	0.0334191364700192	0.45
277	5	204	43	6.87468	1.1622333996944476	0.45
278	5	204	351	5.472	0.5983601947873648	0.45
279	5	205	351	7.97242	0.05889015766907007	0.45
280	5	205	361	4.1886	0.1999639345439242	0.45
281	5	206	2	6.88862	1.5269702510492367	0.45
282	5	207	133	5.48486	0.778960871046161	0.45
283	5	207	300	5.3573	0.47437976181050145	0.45
284	5	208	123	6.55912	0.30367431384783883	0.45
285	5	208	206	6.80052	0.1390437057745623	0.45
286	5	209	210	5.48684	0.5915897151650404	0.45
287	5	209	376	7.54024	0.3032312664927543	0.45
288	5	210	115	5.8502600000000005	0.6687714342949808	0.45
289	5	211	210	6.1422	0.07718171912995869	0.45
290	5	212	231	5.12564	0.4014642223449359	0.45
291	5	212	271	3.88368	0.011505488417325889	0.45
292	5	213	146	5.93762	0.6457730736266265	0.45
293	5	213	179	7.45702	1.5330889032916937	0.45
294	5	214	234	1.9369079999999999	7.798371501439576e-07	0.45
295	5	215	176	6.8104000000000005	1.9652463090155121	0.45
296	5	215	356	5.5953800000000005	0.9682361662431562	0.45
297	5	216	345	7.28968	2.1620567833339894	0.45
298	5	217	222	6.37972	1.2133657296801927	0.45
299	5	218	119	3.4795599999999998	0.066578250388281	0.45
300	5	219	75	6.20594	0.01151698117579989	0.45
301	5	219	96	5.51126	0.42349098975948923	0.45
302	5	220	142	4.7048000000000005	2.1252840954880905	0.45
303	5	221	363	6.42368	0.24420649727777674	0.45
304	5	222	296	8.16772	1.518970406545098	0.45
305	5	223	107	4.913860000000001	0.2883488943725031	0.45
306	5	224	97	6.818420000000001	1.517273220177938	0.45
307	5	225	19	6.4431199999999995	1.5270662137612079	0.45
308	5	226	15	7.52184	1.2243075530851648	0.45
309	5	227	200	5.14978	1.0154392148861076	0.45
310	5	228	276	6.55258	1.0200526698009162	0.45
311	5	229	317	5.488919999999999	0.0325523422919324	0.45
312	5	230	82	5.66716	0.016363709767867135	0.45
313	5	230	267	6.434240000000001	0.26726559556876334	0.45
314	5	231	47	5.12564	0.401464222344929	0.45
315	5	232	173	6.17388	0.49063967289771304	0.45
316	5	232	394	6.29828	0.18779110305232558	0.45
317	5	233	243	7.5571	1.0221861925930316	0.45
318	5	234	237	1.9369079999999999	7.798371501434671e-07	0.45
319	5	235	360	7.31202	0.4542309913740517	0.45
320	5	236	310	4.98686	2.4063751368247717	0.45
321	5	237	266	1.9369079999999999	7.798371501433708e-07	0.45
322	5	238	242	5.64644	0.8699601710114591	0.45
323	5	239	365	7.523420000000001	2.424313665609768	0.45
324	5	240	299	9.36718	2.801063657977585	0.45
325	5	241	9	7.69926	0.39573961484329656	0.45
326	5	241	96	6.50056	2.489383995426302	0.45
327	5	242	73	8.66478	0.8439198862927942	0.45
328	5	242	108	6.9421	0.026040284718669864	0.45
329	5	243	348	6.17506	1.2926587103951945	0.45
330	5	244	167	6.29828	0.187791103052354	0.45
331	5	245	338	5.12296	0.6223436435867803	0.45
332	5	246	71	7.921360000000001	4.810122132125928	0.45
333	5	247	45	5.9027	0.19576794698136812	0.45
334	5	247	302	5.40546	0.29914950684536895	0.45
335	5	248	273	7.18786	0.8461825521274557	0.45
336	5	249	166	6.68188	0.030659469980866362	0.45
337	5	250	395	7.10372	2.1475252477021782	0.45
338	5	251	76	4.3041	0.2196272657190763	0.45
339	5	251	399	4.43288	0.07031079330975842	0.45
340	5	252	39	5.77216	0.2542053109764349	0.45
341	5	252	312	4.8728	0.014715885380604712	0.45
342	5	253	373	7.84202	0.7093000397151968	0.45
343	5	254	437	7.3754599999999995	5.86627406229555	0.45
344	5	255	22	6.160679999999999	0.24152168197582674	0.45
345	5	256	218	3.4795599999999998	0.06657825038828236	0.45
346	5	256	251	7.815999999999999	0.2899380590288292	0.45
347	5	257	26	8.18414	0.7481750899727946	0.45
348	5	258	379	5.48748	0.6719254694390955	0.45
349	5	259	14	4.76156	0.4765451972290592	0.45
350	5	259	264	8.29954	1.259827123813974	0.45
351	5	260	157	7.0099	0.26094316036856113	0.45
352	5	261	316	6.66534	0.08087631250156604	0.45
353	5	262	378	8.67516	2.005630102678406	0.45
354	5	263	185	6.7015199999999995	0.053048296515535415	0.45
355	5	264	30	8.29954	1.2598271238139007	0.45
356	5	265	11	5.87602	0.1564640221813457	0.45
357	5	265	183	4.7651200000000005	0.13428153154383082	0.45
358	5	265	198	6.82658	0.4266790201110134	0.45
359	5	266	294	6.201460000000001	0.0679794813335109	0.45
360	5	267	247	5.3752200000000006	0.4949174538267458	0.45
361	5	268	222	7.0369	0.3056046768649431	0.45
362	5	269	354	3.81678	0.12940051410576986	0.45
363	5	269	358	7.38464	4.615552228677128	0.45
364	5	270	98	8.6076	0.9751105243732091	0.45
365	5	271	47	6.2838199999999995	1.4861254112169824	0.45
366	5	272	8	7.32512	3.2211946562991396	0.45
367	5	272	306	5.49172	0.8909285664116512	0.45
368	5	273	300	7.73976	0.913546783464118	0.45
369	5	274	229	5.488919999999999	0.0325523422919264	0.45
370	5	274	395	4.1203199999999995	0.12688372820289365	0.45
371	5	275	139	3.81678	0.12940051410576986	0.45
372	5	276	374	8.00568	1.4736697360328517	0.45
373	5	277	293	6.2077800000000005	1.8632131024730427	0.45
374	5	278	94	5.654739999999999	0.06797870149636655	0.45
375	5	278	138	7.03692	0.1753087198842015	0.45
376	5	279	277	6.2077800000000005	1.8632131024730383	0.45
377	5	280	163	4.53078	0.00920223779655463	0.45
378	5	281	76	7.46894	0.11831011013548226	0.45
379	5	281	413	5.35218	0.7478583252107034	0.45
380	5	282	143	5.566339999999999	1.2414471777271643	0.45
381	5	283	160	6.44048	0.30468436580744324	0.45
382	5	283	319	5.59832	0.019034655533402434	0.45
383	5	284	92	7.09992	0.7172802692257466	0.45
384	5	284	262	6.551399999999999	1.4548544773749057	0.45
385	5	285	143	5.15922	0.36339010357843154	0.45
386	5	285	387	6.79844	0.5020056811169095	0.45
387	5	286	374	7.42762	0.5531641864485332	0.45
388	5	287	215	5.414560000000001	2.933482475258695	0.45
389	5	288	239	7.28968	2.1620567833340765	0.45
390	5	289	179	6.89424	1.6125426550102007	0.45
391	5	290	24	7.073720000000001	0.38469890261711653	0.45
392	5	291	239	5.5142999999999995	0.036637115671540384	0.45
393	5	292	4	7.31922	0.050740827478412145	0.45
394	5	293	366	7.1667000000000005	0.3059959838311691	0.45
395	5	293	436	5.0758	1.557217118641879	0.45
396	5	294	104	7.09928	0.046399629886668424	0.45
397	5	294	163	5.79894	0.021579851446811304	0.45
398	5	295	154	5.8334	0.2885920217342461	0.45
399	5	296	3	7.6288599999999995	2.46864398492181	0.45
400	5	297	289	7.416359999999999	1.367353577213654	0.45
401	5	297	348	2.3617600000000003	4.574042033180682e-05	0.45
402	5	298	324	6.1969199999999995	1.0565573967485116	0.45
403	5	299	332	6.40134	1.6395583971601586	0.45
404	5	299	372	5.3725	1.1615052608173806	0.45
405	5	300	206	8.86256	1.3879265452746057	0.45
406	5	301	239	4.4421	0.22561976660419567	0.45
407	5	302	19	5.88962	1.1348705524613483	0.45
408	5	303	40	6.70476	0.40321012617979995	0.45
409	5	304	391	5.728199999999999	0.7368013424438603	0.45
410	5	304	398	6.85142	0.11554200513482525	0.45
411	5	305	128	6.68452	0.7757789614858878	0.45
412	5	306	390	5.49172	0.8909285664116923	0.45
413	5	307	119	7.13828	1.9691520859063265	0.45
414	5	308	111	6.3435999999999995	2.6182026555791356	0.45
415	5	308	424	6.390359999999999	0.5739979018376477	0.45
416	5	309	103	7.921360000000001	4.810122132125881	0.45
417	5	310	440	6.9201	2.5573032809955145	0.45
418	5	311	64	3.50958	0.04813629244391091	0.45
419	5	312	20	4.8728	0.014715885380607505	0.45
420	5	313	270	6.55876	0.257830255147466	0.45
421	5	314	155	5.1081	0.08883797123555408	0.45
422	5	314	328	6.67516	0.5478251085779252	0.45
423	5	315	341	5.06688	1.3151156959572743	0.45
424	5	316	333	2.6226800000000003	0.0003936805449817833	0.45
425	5	316	421	4.53324	0.0804826319566242	0.45
426	5	317	193	8.37812	0.04170083693802206	0.45
427	5	318	155	6.82058	0.09599242116963003	0.45
428	5	318	249	6.68188	0.03065946998090152	0.45
429	5	319	282	5.59832	0.01903465553339249	0.45
430	5	320	280	4.53078	0.009202237796558753	0.45
431	5	320	382	7.31922	0.05074082747855835	0.45
432	5	321	53	6.27958	1.451700589718485	0.45
433	5	322	257	8.18414	0.7481750899728082	0.45
434	5	323	290	5.325	0.25529838851132697	0.45
435	5	324	49	5.11598	0.335700284269345	0.45
436	5	324	63	6.47218	0.7208571124791473	0.45
437	5	325	226	5.95234	0.290607099056473	0.45
438	5	326	88	4.41722	0.6565207120002237	0.45
439	5	326	351	5.11306	0.20791553126153722	0.45
440	5	327	1	6.6297999999999995	0.017075717135354752	0.45
441	5	327	350	7.59228	0.2999817716656159	0.45
442	5	328	36	7.548039999999999	0.43778151623584804	0.45
443	5	328	87	7.1265600000000004	0.11004359234207772	0.45
444	5	329	150	6.75608	0.5026102110067268	0.45
445	5	329	359	7.31202	0.4542309913740358	0.45
446	5	330	69	7.84262	0.5937248811508108	0.45
447	5	330	315	5.35426	0.5669406059844658	0.45
448	5	331	303	6.70476	0.4032101261798082	0.45
449	5	331	340	8.015460000000001	0.20832547773217922	0.45
450	5	332	236	6.40134	1.6395583971601586	0.45
451	5	333	75	2.6226800000000003	0.00039368054498177936	0.45
452	5	334	100	5.12296	0.6223436435867756	0.45
453	5	335	97	6.2537199999999995	0.6013336897735584	0.45
454	5	336	362	5.35786	0.09167531866280702	0.45
455	5	337	164	5.2274400000000005	0.0008025596227083762	0.45
456	5	338	389	5.7449200000000005	0.7189887758601973	0.45
457	5	339	101	5.11718	0.7139658184204176	0.45
458	5	340	59	4.13226	0.11466481548704485	0.45
459	5	340	339	4.2856000000000005	0.09366066224511238	0.45
460	5	341	310	6.093999999999999	0.150928144170744	0.45
461	5	341	321	5.41004	1.16418755178654	0.45
462	5	342	79	6.33026	0.17228781541294347	0.45
463	5	342	305	8.178780000000001	0.6014051947416734	0.45
464	5	343	232	9.04438	0.6784307759500253	0.45
465	5	343	268	6.80116	0.06369104302294706	0.45
466	5	344	216	4.36302	0.4167891499920094	0.45
467	5	344	335	4.4943	0.25999218722552847	0.45
468	5	345	288	7.28968	2.162056783334017	0.45
469	5	346	80	6.07848	0.7191578954388128	0.45
470	5	346	99	6.42368	0.24420649727778776	0.45
471	5	347	84	3.97142	0.04782796380443535	0.45
472	5	347	253	7.65904	0.4046156739077536	0.45
473	5	348	397	6.26316	1.2927044508155219	0.45
474	5	349	17	4.791060000000001	0.38132018980727844	0.45
475	5	350	118	6.83784	0.4313718769954993	0.45
476	5	351	362	5.41618	0.8651658837179258	0.45
477	5	352	205	4.68422	0.2588540922129571	0.45
478	5	353	275	3.81678	0.1294005141057694	0.45
479	5	354	41	3.81678	0.12940051410576986	0.45
480	5	355	204	6.73888	1.7605935944818214	0.45
481	5	355	287	4.9002	2.159863239543956	0.45
482	5	356	370	5.5953800000000005	0.9682361662431656	0.45
483	5	357	269	9.59966	4.74495274278283	0.45
484	5	357	296	6.106459999999999	0.9496735783766705	0.45
485	5	358	188	7.78068	3.9952470725017766	0.45
486	5	358	339	6.2511399999999995	0.6203051561753015	0.45
487	5	359	235	7.31202	0.45423099137402434	0.45
488	5	360	42	6.77922	0.046478558978826544	0.45
489	5	360	73	6.98662	0.4077524323951918	0.45
490	5	361	336	5.35786	0.09167531866281119	0.45
491	5	361	422	5.63696	0.10828861588112398	0.45
492	5	362	329	6.50236	0.9568412023807432	0.45
493	5	363	116	8.0045	0.26128221441310523	0.45
494	5	364	48	4.32622	0.12989210908324653	0.45
495	5	365	132	5.4285	1.2766018008557387	0.45
496	5	365	182	5.9836599999999995	1.1477118647540838	0.45
497	5	366	33	7.1303	0.8003973818670574	0.45
498	5	367	62	5.87602	0.1564640221813251	0.45
499	5	368	34	5.7412600000000005	0.3969083296194623	0.45
500	5	368	252	6.17926	0.26892119635704304	0.45
501	5	369	66	5.35526	0.6658295259765086	0.45
502	5	370	44	5.5953800000000005	0.9682361662431701	0.45
503	5	371	85	5.5953800000000005	0.9682361662431609	0.45
504	5	372	72	7.2586	2.8785238028164413	0.45
505	5	373	372	7.9040799999999996	1.7170185419990884	0.45
506	5	374	93	7.2425	2.026833922481509	0.45
507	5	375	286	7.42762	0.5531641864485056	0.45
508	5	376	161	4.5826199999999995	0.059943845112222005	0.45
509	5	376	278	6.23656	0.24328742138055517	0.45
510	5	377	292	7.31922	0.05074082747844606	0.45
511	5	378	384	8.67516	2.0056301026782775	0.45
512	5	379	23	6.2736	0.08188148804354042	0.45
513	5	379	70	5.29202	0.5900439813955529	0.45
514	5	380	171	7.21652	1.1077897381773674	0.45
515	5	381	284	6.2211	2.172134746600694	0.45
516	5	382	377	7.31922	0.05074082747839061	0.45
517	5	383	320	5.3052399999999995	0.05994306527508314	0.45
518	5	384	385	8.67516	2.005630102678291	0.45
519	5	385	18	8.67516	2.005630102678396	0.45
520	5	386	285	5.33022	0.8653957846953061	0.45
521	5	387	72	6.79844	0.5020056811168819	0.45
522	5	388	338	3.4269000000000003	0.09664513227340744	0.45
523	5	388	347	5.26314	0.4524436377121907	0.45
524	5	389	236	5.80756	0.766816739664613	0.45
525	5	390	86	6.193639999999999	1.3267928351499965	0.45
526	5	391	67	9.6419	1.263343635805891	0.45
527	5	392	430	7.65076	0.43586426873832007	0.45
528	5	393	225	8.3239	0.27385508850503215	0.45
529	5	394	244	6.29828	0.18779110305233246	0.45
530	5	395	439	6.72156	2.2744089759050694	0.45
531	5	396	241	8.873579999999999	2.885123610269619	0.45
532	5	397	435	5.243799999999999	2.2517921224125814	0.45
533	5	403	220	4.7272799999999995	0.08048263195662465	0.45
534	5	404	105	7.07338	0.10828861588110338	0.45
535	5	405	35	6.13664	0.03341913647001993	0.45
536	5	406	36	6.715879999999999	0.5739979018376477	0.45
537	5	407	325	8.83768	0.15538664764357463	0.45
538	5	408	391	5.27412	0.5265422933620306	0.45
539	5	410	317	6.41272	0.009148494646084852	0.45
540	5	411	259	7.07854	1.7363723210430149	0.45
541	5	412	390	4.6977	0.43586426873830675	0.45
542	5	415	349	3.36148	0.011910661720775512	0.45
543	5	416	192	5.8621799999999995	0.11554200513482067	0.45
544	5	417	4	6.66898	0.07031079330976941	0.45
545	5	418	9	5.7677	0.039268356091975785	0.45
546	5	419	287	6.0453600000000005	0.773619235714731	0.45
547	5	420	274	6.05762	0.15943607049481479	0.45
548	5	427	122	7.85976	1.8535520049647207	0.45
549	5	431	248	6.07748	0.7478583252107082	0.45
550	5	432	62	7.80002	0.3379373758545342	0.45
551	5	443	342	7.971419999999999	0.773693010154612	0.45
552	5	444	40	5.69784	2.4819134840898625	0.45
553	5	445	13	7.925720000000001	3.2799244847780247	0.45
554	5	446	37	5.54446	0.7874843710158498	0.45
555	5	447	357	7.937079999999999	5.694626321159386	0.45
556	5	448	175	6.488460000000001	4.131691356175778	0.45
557	5	449	130	6.7311	0.43696856451443117	0.45
558	5	450	129	7.79632	0.986739607826095	0.45
559	5	451	272	8.93872	4.112123222710704	0.45
451	total number of nodes
name	x	y	z
1	160.42000000000002	178.363	209.327
2	81.0453	261.04999999999995	274.714
3	294.792	198.793	171.44299999999998
4	361.15000000000003	140.901	99.289
5	83.9824	80.2167	365.269
6	46.5046	144.983	189.89000000000001
7	287.227	107.018	134.134
8	15.9721	138.34900000000002	19.1609
9	374.40200000000004	364.288	117.992
10	328.069	372.925	302.858
11	3.12987	232.16600000000003	290.91
12	215.66	243.841	360.40999999999997
13	44.2599	308.52	14.796800000000001
14	263.787	8.82829	264.883
15	240.564	78.6732	192.089
16	114.78	70.1674	138.693
17	277.49699999999996	102.228	98.29289999999999
18	74.6675	340.463	136.324
19	177.04999999999998	303.55600000000004	367.546
20	192.777	294.672	217.876
21	172.035	103.786	25.3424
22	281.706	309.063	198.429
23	135.254	293.143	95.5071
24	209.04	149.328	101.47
25	74.16980000000001	2.12557	75.4356
26	145.98700000000002	38.351800000000004	319.182
27	289.813	152.001	272.519
28	311.826	126.98200000000001	113.483
29	79.018	84.4238	160.932
30	196.523	38.902100000000004	223.284
31	42.9729	283.789	197.941
32	16.2692	195.374	32.5955
33	46.092	361.14099999999996	271.406
34	251.109	304.488	171.2
35	13.261199999999999	142.197	192.18699999999998
36	66.2665	99.733	283.086
37	218.073	337.70300000000003	62.24280000000001
38	213.27	116.507	76.59360000000001
39	222.974	307.64300000000003	182.939
40	317.37600000000003	362.21700000000004	28.332800000000002
41	246.168	186.985	57.240500000000004
42	298.42999999999995	188.81	369.741
43	349.257	154.50699999999998	237.285
44	370.27000000000004	287.669	264.931
45	224.815	322.24100000000004	283.999
46	283.28099999999995	50.3299	255.98800000000003
47	133.472	204.383	285.689
48	133.218	144.283	220.12900000000002
49	96.0143	79.8714	94.9779
50	331.523	21.6707	26.048099999999998
51	245.172	45.8284	294.16700000000003
52	278.601	39.091300000000004	175.554
53	114.066	132.816	339.00199999999995
54	7.36636	343.234	20.6657
55	298.659	265.155	264.094
56	41.6519	305.17100000000005	150.384
57	236.694	53.1881	119.788
58	361.995	31.0978	169.403
59	303.363	217.137	105.418
60	298.727	237.17200000000003	125.394
61	231.193	48.386500000000005	321.154
62	21.0744	285.043	279.8
63	124.824	68.0356	81.1023
64	194.94400000000002	239.744	156.037
65	153.275	320.35	329.608
66	237.955	291.136	147.548
67	25.161099999999998	107.918	370.06600000000003
68	36.0154	187.953	37.199400000000004
69	163.54100000000003	3.8451400000000002	236.834
70	34.0779	340.096	92.661
71	323.49100000000004	76.98129999999999	75.5959
72	156.0	242.518	333.876
73	266.325	180.066	323.49199999999996
74	334.688	293.782	200.217
75	291.65700000000004	352.912	99.9924
76	5.29259	18.8064	175.00799999999998
77	224.165	257.301	117.922
78	68.56960000000001	237.498	225.466
79	176.097	170.865	13.8638
80	295.876	53.8345	325.79499999999996
81	267.95	181.624	270.305
82	218.75	181.77800000000002	79.9387
83	219.712	295.346	119.72399999999999
84	204.47	176.837	325.908
85	372.09	316.626	298.556
86	97.3296	2.50014	35.9684
87	98.1436	165.064	238.352
88	335.23400000000004	61.6073	320.48
89	244.642	135.00799999999998	148.445
90	4.62125	59.8053	302.89
91	251.28900000000002	214.104	207.70399999999998
92	79.1796	312.648	78.117
93	83.791	22.6073	163.372
94	366.556	183.775	20.293699999999998
95	82.8879	174.351	368.692
96	372.689	315.808	123.656
97	166.055	329.97799999999995	291.555
98	86.9452	225.63	66.8668
99	199.981	120.568	193.52700000000002
100	226.219	113.66000000000001	298.259
101	230.181	231.07600000000002	86.2032
102	27.136	148.044	113.796
103	368.923	100.14800000000001	37.8483
104	343.61199999999997	201.226	25.6918
105	14.036000000000001	151.013	282.062
106	203.00400000000002	337.03299999999996	266.633
107	37.262499999999996	200.36599999999999	139.03900000000002
108	269.358	244.681	304.49699999999996
109	344.09799999999996	37.922900000000006	92.4258
110	123.227	238.94000000000003	277.533
111	326.378	56.9987	235.22899999999998
112	97.1668	229.84	333.701
113	298.407	266.70099999999996	264.901
114	297.77599999999995	265.29499999999996	260.628
115	298.949	254.9	266.247
116	140.191	141.527	206.317
117	131.31300000000002	125.825	215.914
118	137.44000000000003	145.7	225.476
119	11.991999999999999	111.893	188.906
120	27.6077	157.197	187.453
121	16.5396	133.98	199.394
122	194.12699999999998	351.492	282.91299999999995
123	209.952	331.686	263.341
124	201.332	330.534	262.534
125	302.048	255.829	266.866
126	303.266	252.262	262.33099999999996
127	273.322	257.784	258.263
128	169.906	156.439	7.953930000000001
129	183.98899999999998	172.273	19.4481
130	168.744	157.19299999999998	12.3071
131	93.1268	236.381	297.312
132	91.21390000000001	236.608	282.244
133	72.8892	253.55799999999996	264.21700000000004
134	127.183	257.46599999999995	296.12600000000003
135	123.351	223.79299999999998	265.076
136	124.216	232.158	257.54400000000004
137	204.697	107.602	83.2615
138	213.261	116.3	77.1945
139	213.35000000000002	127.83599999999998	63.41680000000001
140	50.6414	276.493	214.105
141	40.9105	279.306	193.439
142	41.4058	293.54400000000004	182.892
143	194.894	263.559	341.084
144	218.77800000000002	243.558	370.096
145	217.96900000000002	242.83599999999998	361.20599999999996
146	22.6014	143.463	270.481
147	19.581100000000003	156.61700000000002	278.933
148	38.3496	161.723	288.106
149	296.959	194.58100000000002	373.834
150	284.589	177.591	367.221
151	304.488	191.866	373.394
152	118.47	268.966	283.747
153	118.125	252.514	301.32500000000005
154	123.068	254.972	284.347
155	235.303	148.782	141.65
156	235.91500000000002	131.356	147.859
157	253.873	125.587	144.34
158	204.85999999999999	226.338	365.048
159	213.899	246.11499999999998	360.653
160	212.424	233.73600000000002	341.68399999999997
161	355.705	181.525	50.7436
162	343.80899999999997	209.195	31.745600000000003
163	329.172	216.393	28.1413
164	204.504	147.554	105.082
165	188.967	146.49800000000002	111.143
166	205.145	148.142	108.53099999999999
167	331.702	11.7316	18.1094
168	334.173	25.3338	29.4918
169	330.091	18.26	25.9642
170	25.3889	357.538	18.2777
171	19.7368	349.491	18.3488
172	16.0324	352.956	28.7211
173	326.576	24.8576	32.1354
174	331.22700000000003	24.3259	34.2166
175	351.512	40.8501	26.5389
176	297.94100000000003	242.77700000000002	254.207
177	286.958	261.583	268.81
178	287.886	251.281	265.742
179	227.99300000000002	241.041	364.986
180	218.29600000000002	250.055	373.918
181	215.231	247.287	366.957
182	98.9668	220.674	280.163
183	79.91	250.41400000000002	296.76000000000005
184	99.1126	240.259	278.79400000000004
185	128.471	115.31	237.242
186	128.044	127.458	213.528
187	134.171	120.08	234.243
188	16.8255	143.012	105.777
189	24.353099999999998	145.428	109.292
190	24.7536	153.876	117.275
191	341.298	57.2745	322.171
192	336.394	51.3596	324.326
193	325.629	48.6422	324.116
194	210.791	168.35799999999998	84.3325
195	209.498	183.97899999999998	91.6478
196	218.559	180.314	83.7085
197	115.884	224.001	275.924
198	79.289	233.838	300.935
199	107.724	226.642	274.498
200	16.5241	190.278	41.294200000000004
201	17.7557	196.916	40.210100000000004
202	44.5834	207.827	32.6554
203	355.092	149.715	241.012
204	360.418	165.073	227.48700000000002
205	364.173	133.866	263.596
206	84.5428	263.699	271.398
207	66.4251	267.09	246.62300000000002
208	65.5115	257.326	269.36100000000005
209	354.548	202.724	35.1376
210	351.737	214.48499999999999	32.8489
211	344.897	212.85	28.0204
212	136.611	185.109	275.637
213	16.164	144.481	245.19
214	344.484	170.424	32.1578
215	319.04200000000003	246.02499999999998	231.082
216	62.606899999999996	230.101	238.176
217	187.34799999999998	162.29	30.0413
218	11.3033	95.4494	187.126
219	345.807	343.91499999999996	114.786
220	50.9052	281.977	170.727
221	184.268	146.162	222.344
222	210.062	144.809	19.279500000000002
223	20.4874	157.243	114.75
224	190.41899999999998	337.28000000000003	296.41999999999996
225	140.889	327.92	340.844
226	236.51999999999998	43.826499999999996	162.44400000000002
227	3.09744	158.98999999999998	28.4766
228	99.15729999999999	6.58505	93.1151
229	324.58299999999997	26.1936	318.632
230	218.357	176.327	125.106
231	125.755	202.303	277.656
232	300.349	47.024300000000004	2.61842
233	304.49399999999997	273.471	285.013
234	355.948	151.724	26.2334
235	300.291	176.047	332.121
236	183.558	155.118	342.172
237	356.28	159.149	4.63745
238	266.49399999999997	204.09	295.55100000000004
239	77.832	215.615	270.268
240	131.355	214.475	289.882
241	371.15200000000004	344.057	86.7821
242	270.113	204.701	304.038
243	307.349	264.427	290.364
244	353.899	2.07573	25.7657
245	202.509	138.41299999999998	316.548
246	343.05899999999997	96.7541	64.5526
247	241.06400000000002	348.035	272.412
248	45.0106	305.098	187.129
249	206.59	125.50699999999999	136.423
250	348.68300000000005	60.2721	338.02099999999996
251	22.762999999999998	41.866600000000005	150.18599999999998
252	225.778	290.641	185.738
253	207.223	236.32500000000002	330.444
254	198.91	278.647	359.812
255	253.435	297.23199999999997	196.529
256	34.764500000000005	88.65169999999999	178.78
257	121.511	7.54765	326.355
258	37.2696	370.061	25.8327
259	253.656	25.4528	229.218
260	253.598	102.54700000000001	184.492
261	303.976	241.911	124.239
262	51.9686	341.22999999999996	82.7329
263	107.062	119.25200000000001	230.23499999999999
264	217.192	20.3127	246.78900000000002
265	63.65180000000001	211.298	295.973
266	352.204	188.52499999999998	12.113700000000001
267	223.732	186.245	101.15
268	212.971	126.956	9.96818
269	240.788	187.836	36.1034
270	79.8372	289.41900000000004	82.9932
271	142.535	210.05599999999998	267.73600000000005
272	13.356900000000001	113.014	13.375300000000001
273	55.219500000000004	298.178	200.385
274	335.175	22.2473	321.17400000000004
275	231.37400000000002	146.68099999999998	57.4694
276	81.0657	19.4103	90.596
277	70.71409999999999	277.877	293.66
278	371.93399999999997	189.343	26.9004
279	76.8555	268.97200000000004	273.93699999999995
280	335.243	187.658	54.829
281	18.150599999999997	26.6647	186.672
282	201.09699999999998	244.068	356.60699999999997
283	205.822	225.363	357.975
284	57.2034	309.095	65.9724
285	189.226	280.178	321.766
286	97.198	38.057900000000004	103.755
287	319.07300000000004	246.945	226.384
288	72.1481	223.368	263.52299999999997
289	243.643	251.9	338.608
290	216.36499999999998	127.91199999999999	78.0357
291	52.025099999999995	190.538	268.22700000000003
292	347.656	156.546	82.1178
293	62.449	291.33799999999997	308.817
294	313.60200000000003	188.765	13.193299999999999
295	130.49099999999999	251.53799999999998	282.571
296	224.179	173.329	37.395199999999996
297	246.21300000000002	258.82599999999996	325.493
298	51.508799999999994	164.438	13.3945
299	139.064	203.054	317.709
300	84.8804	282.60299999999995	238.33
301	94.535	184.303	271.404
302	221.271	321.91	306.08700000000005
303	298.44300000000004	332.232	31.854099999999995
304	6.36618	49.0937	297.30400000000003
305	172.86800000000002	171.375	1.18154
306	13.7515	99.076	16.301
307	18.700200000000002	109.241	175.618
308	324.808	41.7974	231.757
309	359.8	43.6306	37.0348
310	182.827	137.651	340.281
311	205.759	251.05100000000002	152.46800000000002
312	229.91600000000003	280.27	194.834
313	129.05499999999998	303.23900000000003	106.875
314	245.734	140.753	136.708
315	148.367	47.6	325.013
316	316.253	245.59	126.69
317	316.868	30.908599999999996	325.63
318	228.505	136.82399999999998	143.418
319	195.452	230.91299999999998	351.21799999999996
320	346.656	189.695	62.9041
321	106.95	119.583	337.495
322	125.284	4.28893	340.604
323	206.95	126.29500000000002	78.3682
324	111.15700000000001	123.75099999999999	59.060700000000004
325	227.832	29.5354	127.76
326	363.575	53.570499999999996	250.89300000000003
327	140.61100000000002	204.416	173.168
328	64.30250000000001	147.361	246.16599999999997
329	297.867	156.10999999999999	347.563
330	134.338	1.78738	191.189
331	258.38	303.308	56.567899999999995
332	151.57	186.0	356.516
333	302.147	295.254	123.791
334	233.41400000000002	95.1358	286.092
335	60.6904	231.185	197.03900000000002
336	360.31600000000003	131.683	300.775
337	188.542	148.211	103.828
338	203.728	151.149	337.102
339	250.47999999999996	233.372	63.88389999999999
340	281.19599999999997	251.57	76.8499
341	121.521	118.27000000000001	353.059
342	167.158	220.23600000000002	12.7361
343	262.07599999999996	100.71600000000001	5.70224
344	78.4888	212.838	231.369
345	68.9328	224.505	263.238
346	202.763	90.7604	187.18
347	198.69199999999998	199.30499999999998	301.402
348	297.079	271.818	350.61499999999995
349	275.144	56.2909	78.7915
350	124.12100000000001	146.085	165.878
351	365.918	123.15500000000002	258.01
352	360.945	134.377	250.914
353	246.563	173.048	60.1662
354	252.87699999999998	184.334	43.952799999999996
355	317.50399999999996	231.744	222.913
356	327.36199999999997	249.72500000000002	236.88
357	240.05700000000002	170.369	34.2125
358	251.60299999999998	199.143	32.535
359	304.428	165.677	341.217
360	294.092	186.143	343.489
361	370.747	123.655	295.833
362	362.695	140.931	306.60699999999997
363	152.46800000000002	145.206	208.768
364	132.476	146.242	213.316
365	93.46740000000001	227.105	273.40500000000003
366	32.487399999999994	287.08	287.875
367	13.9579	271.811	278.293
368	241.728	287.877	161.797
369	231.644	301.13100000000003	148.722
370	360.30600000000004	296.09	253.71699999999998
371	372.792	299.481	276.78499999999997
372	156.09900000000002	230.339	323.85999999999996
373	156.749	237.376	318.71999999999997
374	88.1388	28.648699999999998	110.801
375	97.37780000000001	42.0871	92.0357
376	355.77599999999995	191.56300000000002	39.0692
377	361.944	175.589	63.894999999999996
378	55.4845	348.871	90.408
379	50.619299999999996	349.629	69.7756
380	33.285	318.94	4.583550000000001
381	48.6087	308.126	28.3051
382	357.96999999999997	184.773	66.8066
383	354.66700000000003	182.633	52.0726
384	64.5809	358.063	85.27430000000001
385	70.69109999999999	355.569	94.1883
386	186.436	291.122	329.529
387	177.304	270.515	319.59499999999997
388	214.564	156.615	343.63800000000003
389	196.547	160.62699999999998	326.899
390	0.0	0.0	0.0
391	0.0	0.0	371.25
392	0.0	371.25	0.0
393	0.0	371.25	371.25
394	371.25	0.0	0.0
395	371.25	0.0	371.25
396	371.25	371.25	0.0
397	371.25	371.25	371.25
398	0.0	39.5712	282.52799999999996
399	0.0	84.6662	133.762
400	0.0	302.372	71.40629999999999
401	0.0	257.90500000000003	186.16
402	0.0	42.157799999999995	309.35499999999996
403	0.0	264.125	163.003
404	0.0	146.195	284.661
405	0.0	182.351	192.467
406	0.0	43.9785	276.623
407	228.45999999999998	0.0	166.06
408	21.0184	0.0	312.339
409	157.677	0.0	275.56100000000004
410	281.485	0.0	339.306
411	246.47299999999998	0.0	180.577
412	2.10581	0.0	44.846599999999995
413	30.852699999999995	0.0	210.88
414	40.2247	0.0	258.273
415	267.07599999999996	0.0	72.9277
416	375.0	39.5712	282.52799999999996
417	375.0	84.6662	133.762
418	375.0	302.372	71.40629999999999
419	375.0	257.90500000000003	186.16
420	375.0	42.157799999999995	309.35499999999996
421	375.0	264.125	163.003
422	375.0	146.195	284.661
423	375.0	182.351	192.467
424	375.0	43.9785	276.623
425	228.45999999999998	375.0	166.06
426	21.0184	375.0	312.339
427	157.677	375.0	275.56100000000004
428	281.485	375.0	339.306
429	246.47299999999998	375.0	180.577
430	2.10581	375.0	44.846599999999995
431	30.852699999999995	375.0	210.88
432	40.2247	375.0	258.273
433	267.07599999999996	375.0	72.9277
434	123.065	252.907	375.0
435	335.928	359.331	375.0
436	108.35199999999999	309.37100000000004	375.0
437	236.88299999999998	342.073	375.0
438	249.558	156.45399999999998	375.0
439	361.1	59.7947	375.0
440	167.23700000000002	92.9371	375.0
441	132.638	130.161	375.0
442	43.4731	105.11200000000001	375.0
443	123.065	252.907	0.0
444	335.928	359.331	0.0
445	108.35199999999999	309.37100000000004	0.0
446	236.88299999999998	342.073	0.0
447	249.558	156.45399999999998	0.0
448	361.1	59.7947	0.0
449	167.23700000000002	92.9371	0.0
450	132.638	130.161	0.0
451	43.4731	105.11200000000001	0.0
27 total number of boundary nodes
node bctyp press/flow   HD    PO2    solute 3
403	2	2.0	0.45	50.	1.
404	2	2.0	0.45	50.	1.
405	2	2.0	0.45	50.	1.
406	2	2.0	0.45	50.	1.
407	2	2.0	0.45	50.	1.
408	2	2.0	0.45	50.	1.
410	2	2.0	0.45	50.	1.
411	2	2.0	0.45	50.	1.
412	2	2.0	0.45	50.	1.
415	2	2.0	0.45	50.	1.
416	2	2.0	0.45	50.	1.
417	2	2.0	0.45	50.	1.
418	2	2.0	0.45	50.	1.
419	2	2.0	0.45	50.	1.
420	2	2.0	0.45	50.	1.
427	2	2.0	0.45	50.	1.
431	2	2.0	0.45	50.	1.
432	2	2.0	0.45	50.	1.
443	2	2.0	0.45	50.	1.
444	2	2.0	0.45	50.	1.
445	2	2.0	0.45	50.	1.
446	2	2.0	0.45	50.	1.
447	2	2.0	0.45	50.	1.
448	2	2.0	0.45	50.	1.
449	2	2.0	0.45	50.	1.
450	2	2.0	0.45	50.	1.
451	2	2.0	0.45	50.	1.
