Brain network by Wahbi
375.0	375.0	375.0	box dimensions in microns
25	25	25	number of tissue points in x,y,z directions
100.	outer bound distance
100.	max. segment length
5	nodsegm, max. allowed number of segments per node
572	total number of segments
name	type	from	to	diam.	rel. flow	hem.
1	5	1	260	6.88862	0.5761681417180541	0.45
2	5	1	330	6.2077800000000005	0.1289774948757358	0.45
3	5	2	277	6.6022	1.2533472203266738	0.45
4	5	3	61	6.1551	1.148054496344192	0.45
5	5	3	92	7.31922	1.7737590687489944	0.45
6	5	4	34	6.09054	0.9297541508340329	0.45
7	5	4	204	5.82808	0.646036719349396	0.45
8	5	5	390	5.741820000000001	2.5286728416336737	0.45
9	5	6	213	7.398680000000001	2.804587161974888	0.45
10	5	7	226	5.87602	0.7812041944978925	0.45
11	5	8	284	7.32512	0.8627406504878405	0.45
12	5	9	76	7.46894	0.6363456933862288	0.45
13	5	10	141	7.69926	0.17200803402523646	0.45
14	5	10	302	5.5953800000000005	0.1020960226091113	0.45
15	5	11	91	9.7903	0.8486852719978394	0.45
16	5	12	145	3.26082	0.3201602053153224	0.45
17	5	13	333	6.2211	0.7615084054160759	0.45
18	5	13	381	7.925720000000001	0.5139211859943618	0.45
19	5	14	193	8.39514	0.25657087967858816	0.45
20	5	14	317	4.76156	0.04236337912909358	0.45
21	5	14	396	7.0099	0.5205015059304499	0.45
22	5	15	1	5.63738	0.7051456365937958	0.45
23	5	16	68	7.5397	0.5872080219039945	0.45
24	5	16	256	7.30922	0.16918680193372018	0.45
25	5	17	175	7.840280000000001	0.22777184127130906	0.45
26	5	17	309	8.70016	0.23285785205055326	0.45
27	5	18	20	4.65244	0.43865059336677203	0.45
28	5	19	224	6.160679999999999	0.7438652276033465	0.45
29	5	20	150	6.55876	0.10179186566109891	0.45
30	5	20	370	6.2736	0.3368587277056777	0.45
31	5	21	342	7.35796	0.39410897280376006	0.45
32	5	21	408	7.073720000000001	0.36076262695082006	0.45
33	5	22	140	4.634659999999999	0.05124647021318461	0.45
34	5	22	371	7.37618	0.34782711967034635	0.45
35	5	23	78	7.1303	1.3245505234284938	0.45
36	5	23	313	4.6038	0.3230977817889339	0.45
37	5	24	331	6.9737599999999995	0.385137725323148	0.45
38	5	25	276	6.94538	5.354384417292026	0.45
39	5	26	257	5.33022	0.31196163273616057	0.45
40	5	27	238	5.7412600000000005	2.481978582342682	0.45
41	5	28	4	7.82426	1.575790870183419	0.45
42	5	28	102	4.7695	0.05116146428256714	0.45
43	5	29	16	5.86474	0.2993900436603959	0.45
44	5	29	218	6.715879999999999	1.4167727345577432	0.45
45	5	30	137	5.54446	0.41787713212868355	0.45
46	5	31	140	5.77216	1.357678380381331	0.45
47	5	32	201	5.69784	0.7809932169072122	0.45
48	5	32	202	7.16694	1.590931152237902	0.45
49	5	33	207	5.64644	0.5512113633907861	0.45
50	5	34	252	6.09054	0.9297541508340379	0.45
51	5	35	121	5.0431	0.1590637422380612	0.45
52	5	35	402	5.9027	0.12246156133841092	0.45
53	5	36	5	6.766	2.3886909981647806	0.45
54	5	37	84	5.32566	0.0194919289141175	0.45
55	5	38	138	4.88524	0.17645256075879312	0.45
56	5	39	19	7.16558	0.1532315962323748	0.45
57	5	40	84	6.2838199999999995	0.392847714579941	0.45
58	5	40	397	4.330220000000001	0.04345147502576447	0.45
59	5	41	95	4.32622	0.07704447064139897	0.45
60	5	41	353	6.89162	0.8561679055110883	0.45
61	5	42	150	7.42762	0.3031780556897441	0.45
62	5	42	151	5.819	0.2072959662595935	0.45
63	5	43	203	5.12296	1.2417011085854295	0.45
64	5	44	151	7.6609	0.47471144742892796	0.45
65	5	45	176	6.27958	0.01601163466809696	0.45
66	5	45	177	8.268500000000001	0.3135050866594556	0.45
67	5	46	264	4.44206	0.00022721138705261525	0.45
68	5	47	85	6.41388	0.013008595789440176	0.45
69	5	47	231	7.48768	0.37702144281567274	0.45
70	5	48	118	4.89358	1.2232731387772176	0.45
71	5	48	186	8.67516	0.3240902328532618	0.45
72	5	49	25	6.94538	5.354384417292026	0.45
73	5	49	376	6.47298	1.5890224012755705	0.45
74	5	50	168	5.815099999999999	0.1889229794636287	0.45
75	5	51	257	5.80756	1.5928491184769809	0.45
76	5	52	81	4.22548	0.10802654798003322	0.45
77	5	53	213	6.966200000000001	0.18255154927060926	0.45
78	5	53	321	4.13226	0.013064188131857583	0.45
79	5	54	171	6.8104000000000005	1.7486580293943235	0.45
80	5	55	125	8.18414	0.12459193845984594	0.45
81	5	56	220	7.921360000000001	3.6169175001572325	0.45
82	5	57	323	7.10372	0.3551056551451761	0.45
83	5	58	15	5.63738	0.7051456365938058	0.45
84	5	58	110	5.87602	0.7812041944978976	0.45
85	5	59	260	6.41434	0.9427233514935599	0.45
86	5	60	333	4.7066	0.7858549662145125	0.45
87	5	60	346	5.27948	1.4029220718816078	0.45
88	5	61	315	5.33022	0.311961632736174	0.45
89	5	61	332	5.78372	0.8360928636080256	0.45
90	5	62	368	6.12266	0.5313346741928401	0.45
91	5	63	87	9.6419	0.2461120487850965	0.45
92	5	64	132	7.79632	0.6362141387693185	0.45
93	5	65	297	4.2856000000000005	0.09446185317858416	0.45
94	5	66	39	7.16558	0.15323159623236832	0.45
95	5	66	225	8.29954	0.9466006284821274	0.45
96	5	67	369	6.34974	0.3441392692421032	0.45
97	5	68	404	5.82544	0.8499447450000773	0.45
98	5	69	130	8.21704	4.414357277704251	0.45
99	5	70	51	5.80756	1.592849118476976	0.45
100	5	71	56	7.921360000000001	3.616917500157227	0.45
101	5	72	232	6.79844	3.211055440449145	0.45
102	5	72	246	5.78104	0.8649991140877359	0.45
103	5	73	373	7.5409	0.9337159751175695	0.45
104	5	74	82	6.95406	2.4819785823426868	0.45
105	5	75	43	6.15482	0.14870745431108626	0.45
106	5	75	242	4.3041	0.0437317223268671	0.45
107	5	76	97	4.428940000000001	0.018111387890703906	0.45
108	5	76	337	5.35526	0.618234305495509	0.45
109	5	77	281	7.37304	0.14912035036445392	0.45
110	5	77	341	5.8975800000000005	0.16381494592394388	0.45
111	5	78	37	5.32566	0.019491928914114606	0.45
112	5	78	176	6.08518	1.3050585945143836	0.45
113	5	79	307	7.30922	0.16918680193377464	0.45
114	5	80	129	6.62086	2.2255983846584444	0.45
115	5	81	229	6.07848	0.7011948835346575	0.45
116	5	82	73	6.98662	0.684808631021876	0.45
117	5	82	348	6.87596	1.7971699513208161	0.45
118	5	83	196	4.1886	0.07820131990179285	0.45
119	5	84	303	5.66716	0.41233964349406377	0.45
120	5	85	334	6.44122	0.06201172211048495	0.45
121	5	86	74	6.20594	2.476729733012299	0.45
122	5	87	21	7.04058	0.7548715997545761	0.45
123	5	87	375	4.4421	0.29448569380013445	0.45
124	5	88	96	6.40914	0.8677522164884248	0.45
125	5	89	191	6.82658	0.7532669611923414	0.45
126	5	90	156	7.1265600000000004	0.04927550161200582	0.45
127	5	90	157	6.939139999999999	0.7095368463133919	0.45
128	5	91	304	4.41722	0.6978269917819105	0.45
129	5	91	392	5.1962600000000005	0.15085828021596367	0.45
130	5	92	109	7.31922	1.7737590687490146	0.45
131	5	93	270	2.3617600000000003	0.0008731375017328518	0.45
132	5	94	181	7.84134	3.8943245175401944	0.45
133	5	94	251	5.7547	1.1049542446066585	0.45
134	5	95	28	6.13664	0.27148170235266544	0.45
135	5	96	387	5.75952	0.3468153831139123	0.45
136	5	96	388	7.2425	0.5209368333745097	0.45
137	5	97	219	4.428940000000001	0.01811138789070351	0.45
138	5	98	33	6.77922	0.1970975282620958	0.45
139	5	98	113	5.4557199999999995	0.19265386421255487	0.45
140	5	99	54	6.8104000000000005	1.7486580293943086	0.45
141	5	100	221	6.50056	1.135455707849107	0.45
142	5	100	330	6.2537199999999995	0.11972761803051821	0.45
143	5	101	73	4.68332	0.24890734409566787	0.45
144	5	101	299	8.6076	3.801058998970577	0.45
145	5	102	40	6.1814800000000005	0.4362991896057131	0.45
146	5	103	190	7.07338	0.2766442465284846	0.45
147	5	104	163	6.12866	0.21595015838719475	0.45
148	5	104	266	6.9421	0.5340932353989177	0.45
149	5	104	275	7.12514	0.037041903342540324	0.45
150	5	105	266	4.7272799999999995	0.029318732632819186	0.45
151	5	106	11	4.22278	0.03253635081848241	0.45
152	5	106	147	6.3435999999999995	0.6625352510018985	0.45
153	5	107	124	8.67986	0.03263417943755959	0.45
154	5	108	120	6.87468	0.2815253035764401	0.45
155	5	109	297	7.31922	1.773759068749	0.45
156	5	110	325	5.87602	0.7812041944978874	0.45
157	5	111	135	5.1776	0.09426434538417736	0.45
158	5	112	46	4.44206	0.00022721138705215864	0.45
159	5	112	308	7.09098	0.009481487141522239	0.45
160	5	113	206	5.4557199999999995	0.1926538642125544	0.45
161	5	114	55	4.68454	0.034819011827635964	0.45
162	5	115	148	6.48714	0.6267008501499222	0.45
163	5	115	178	6.708200000000001	0.8189613174925454	0.45
164	5	116	364	9.3134	1.5473633716305732	0.45
165	5	117	187	8.67516	0.3240902328530878	0.45
166	5	118	273	6.32434	0.8187844981073231	0.45
167	5	118	311	8.0045	0.4239785745061484	0.45
168	5	119	121	5.712	0.4773863111721153	0.45
169	5	119	218	4.29624	0.1717431966764709	0.45
170	5	120	35	6.87468	0.2815253035764586	0.45
171	5	121	6	4.791060000000001	0.6364500534101935	0.45
172	5	122	107	8.67986	0.032634179437496046	0.45
173	5	123	243	4.68454	0.03481901182762817	0.45
174	5	124	123	8.67986	0.03263417943747495	0.45
175	5	125	115	5.46164	1.4456621676424675	0.45
176	5	126	125	7.13828	1.3210702291826217	0.45
177	5	127	66	5.3200400000000005	1.0998322247144923	0.45
178	5	128	268	7.65748	0.157646139732845	0.45
179	5	128	305	7.85976	0.8047997632178419	0.45
180	5	129	23	8.3239	1.6476483052174504	0.45
181	5	129	217	6.55912	0.5779500794410236	0.45
182	5	130	80	7.283799999999999	1.7032533453594407	0.45
183	5	130	99	6.8104000000000005	1.748658029394314	0.45
184	5	130	128	7.45764	0.9624459029507307	0.45
185	5	131	437	6.37972	5.971026527411429	0.45
186	5	132	131	4.15846	1.3896330433350599	0.45
187	5	133	365	8.25022	0.2802471416581087	0.45
188	5	134	153	5.775239999999999	0.3642587533782201	0.45
189	5	135	136	5.4285	0.03024633892068568	0.45
190	5	135	271	5.278560000000001	0.06401800646348768	0.45
191	5	136	118	5.8502600000000005	0.019489933836257387	0.45
192	5	136	153	5.48486	0.010756405084437882	0.45
193	5	137	221	7.9539800000000005	0.7703287069162644	0.45
194	5	138	30	4.8728	0.1691720192224046	0.45
195	5	138	411	2.9267	0.007280541536417681	0.45
196	5	139	275	8.178780000000001	0.31540967144499343	0.45
197	5	140	300	5.60428	1.4089248505944938	0.45
198	5	141	31	6.70476	0.5502863567307376	0.45
199	5	142	141	6.463	0.3782783227055027	0.45
200	5	143	254	5.325	0.1726095339082071	0.45
201	5	143	282	7.03692	0.5655034901451282	0.45
202	5	144	180	8.10262	4.386512854650498	0.45
203	5	145	158	5.919980000000001	1.6593219051216304	0.45
204	5	146	328	8.05176	1.3692937824316	0.45
205	5	147	146	7.95348	0.1968814784618263	0.45
206	5	147	148	4.42476	0.4656537725400352	0.45
207	5	148	291	6.70168	1.0923546226899654	0.45
208	5	149	42	5.11598	0.5104740219493925	0.45
209	5	149	371	5.93762	0.10883023026808579	0.45
210	5	150	329	5.5142999999999995	0.404969921350886	0.45
211	5	151	418	7.665039999999999	0.682007413688519	0.45
212	5	152	154	6.75608	0.45852309876235997	0.45
213	5	152	300	4.05854	0.2855676985223041	0.45
214	5	153	240	7.9566799999999995	0.375015158462636	0.45
215	5	154	134	5.775239999999999	0.36425875337821817	0.45
216	5	154	295	5.1776	0.09426434538417587	0.45
217	5	155	157	5.49126	0.07754845081524354	0.45
218	5	156	318	7.1265600000000004	0.04927550161199663	0.45
219	5	157	104	4.913860000000001	0.7870852971286764	0.45
220	5	158	389	6.82058	3.805920230165558	0.45
221	5	159	12	3.26082	0.3201602053153229	0.45
222	5	159	282	1.9369079999999999	0.00045823112213031977	0.45
223	5	160	283	7.71904	1.9339284376670027	0.45
224	5	161	377	5.79894	0.11965535069936302	0.45
225	5	161	378	6.68188	0.8008288004924883	0.45
226	5	162	105	4.7272799999999995	0.029318732632819578	0.45
227	5	163	211	6.12866	0.21595015838721626	0.45
228	5	164	24	6.9737599999999995	0.38513772532308055	0.45
229	5	165	166	6.29828	0.07396317587704411	0.45
230	5	165	296	6.947080000000001	0.02882799731867315	0.45
231	5	166	164	5.2274400000000005	0.07451822399264593	0.45
232	5	167	169	5.815099999999999	0.18892297946355377	0.45
233	5	168	174	5.83018	0.45096186771400437	0.45
234	5	169	50	5.815099999999999	0.1889229794636467	0.45
235	5	170	75	7.24718	0.1924391766379584	0.45
236	5	170	258	6.488460000000001	1.7140801847771903	0.45
237	5	171	170	6.6635	1.9065193614150873	0.45
238	5	172	142	3.75492	0.1800445816414548	0.45
239	5	172	171	7.45702	0.15786133202075772	0.45
240	5	173	237	5.83018	0.4509618677139873	0.45
241	5	174	173	5.83018	0.45096186771396735	0.45
242	5	175	168	4.7014000000000005	0.2620388882503286	0.45
243	5	176	126	7.13828	1.3210702291825518	0.45
244	5	177	122	8.67986	0.03263417943743508	0.45
245	5	177	178	4.38426	0.2808709072219775	0.45
246	5	178	127	5.3200400000000005	1.0998322247144974	0.45
247	5	179	144	6.54918	0.8128067735476875	0.45
248	5	180	289	8.10262	4.3865128546504275	0.45
249	5	181	144	4.7048000000000005	3.573706081102745	0.45
250	5	181	159	7.09782	0.320618436437436	0.45
251	5	182	199	7.78068	1.5444334166904858	0.45
252	5	183	198	4.69304	2.225827223309659	0.45
253	5	184	265	5.9998	2.355566260766736	0.45
254	5	185	152	7.02538	0.7440907972846483	0.45
255	5	186	117	8.67516	0.32409023285301536	0.45
256	5	187	185	8.67516	0.32409023285314875	0.45
257	5	188	190	6.5559199999999995	0.004881057048029652	0.45
258	5	188	218	5.9836599999999995	0.5796211773304599	0.45
259	5	189	103	6.35866	0.21569341751924662	0.45
260	5	189	188	8.37812	0.5845022343784733	0.45
261	5	190	108	6.87468	0.2815253035764366	0.45
262	5	191	250	6.548979999999999	1.000129142342323	0.45
263	5	192	191	4.68422	0.24686218115000305	0.45
264	5	193	112	4.7233	0.009708698528590753	0.45
265	5	193	192	4.68422	0.24686218114999958	0.45
266	5	194	196	5.472	0.23241818142869625	0.45
267	5	194	268	6.73888	0.5824861189569941	0.45
268	5	195	164	5.64592	0.31061950133047106	0.45
269	5	196	195	5.64592	0.31061950133048355	0.45
270	5	197	184	7.78068	1.5444334166904559	0.45
271	5	198	131	6.68452	4.5813934840764	0.45
272	5	199	197	7.78068	1.5444334166904359	0.45
273	5	200	324	8.86256	0.8820119766971333	0.45
274	5	201	69	5.29202	0.2968347079231945	0.45
275	5	201	200	6.80052	0.48415850898393226	0.45
276	5	202	306	5.48684	0.6376815726011835	0.45
277	5	202	340	7.54024	0.9532495796367036	0.45
278	5	203	352	5.12296	1.2417011085854743	0.45
279	5	204	43	7.06668	1.0929936542743726	0.45
280	5	205	351	7.09928	0.5639670180261634	0.45
281	5	206	279	5.4557199999999995	0.19265386421254888	0.45
282	5	207	133	7.29958	0.08759327744556981	0.45
283	5	207	184	5.96846	0.46361808594522386	0.45
284	5	208	133	5.4557199999999995	0.19265386421255637	0.45
285	5	209	179	4.7651200000000005	0.31517277748251915	0.45
286	5	210	209	4.36302	0.18663142575440128	0.45
287	5	211	162	4.7272799999999995	0.029318732632814835	0.45
288	5	211	210	4.36302	0.18663142575440078	0.45
289	5	212	245	4.5826199999999995	0.4390331649261701	0.45
290	5	213	11	7.21652	0.8161489211793691	0.45
291	5	213	146	7.58356	1.1724123039698047	0.45
292	5	213	328	7.0369	0.9985774860963544	0.45
293	5	214	161	4.53078	0.9204841511918489	0.45
294	5	214	349	7.80002	1.4863498310917234	0.45
295	5	215	287	3.76072	0.012323095976813128	0.45
296	5	216	291	6.6297999999999995	1.5157522261696375	0.45
297	5	217	339	6.55258	1.2152911649351867	0.45
298	5	218	6	6.55552	2.1681371085646886	0.45
299	5	219	417	9.04438	0.07123068852440853	0.45
300	5	220	248	4.98686	1.0377973200966746	0.45
301	5	220	335	6.40134	2.5791201800605528	0.45
302	5	221	70	5.80756	1.592849118476976	0.45
303	5	221	77	5.11718	0.3129352962883938	0.45
304	5	222	165	6.17388	0.10279117319569843	0.45
305	5	222	217	5.95234	0.6373410854941831	0.45
306	5	223	103	7.8897	0.0609508290091886	0.45
307	5	223	307	9.36718	0.47994270591492283	0.45
308	5	224	33	6.05036	0.35411383512869826	0.45
309	5	224	98	5.51126	0.38975139247465723	0.45
310	5	225	19	8.137599999999999	0.5906336313709618	0.45
311	5	225	365	5.3752200000000006	0.35596699711117036	0.45
312	5	226	52	4.22548	0.10802654798003271	0.45
313	5	226	413	5.40546	0.6731776465178583	0.45
314	5	227	87	6.193639999999999	0.8032452447696491	0.45
315	5	228	57	7.10372	0.35510565514517867	0.45
316	5	228	94	7.39118	4.999278762146878	0.45
317	5	229	259	6.82658	0.7532669611923714	0.45
318	5	230	249	4.43288	0.028272949203169022	0.45
319	5	230	267	6.2725599999999995	0.0005550481155375383	0.45
320	5	231	212	7.48768	0.37702144281571515	0.45
321	5	232	237	6.79844	3.211055440449125	0.45
322	5	233	114	4.68454	0.03481901182762212	0.45
323	5	234	100	6.818420000000001	1.2551833258796237	0.45
324	5	234	214	8.16772	2.4068339822835068	0.45
325	5	235	360	5.243799999999999	0.19646464308742226	0.45
326	5	236	160	4.5826199999999995	0.4390331649261716	0.45
327	5	237	234	6.17926	3.6620173081631204	0.45
328	5	238	74	2.6226800000000003	0.005248849330388772	0.45
329	5	238	86	6.20594	2.476729733012294	0.45
330	5	239	301	7.65904	0.310254527603641	0.45
331	5	239	366	7.84202	2.2978523212559976	0.45
332	5	240	47	7.5571	0.32601203214166447	0.45
333	5	240	85	5.50312	0.04900312632102564	0.45
334	5	241	9	7.46894	0.6363456933862339	0.45
335	5	242	312	4.3041	0.043731722326868935	0.45
336	5	243	233	4.68454	0.03481901182761748	0.45
337	5	244	167	5.815099999999999	0.18892297946356176	0.45
338	5	244	415	6.551399999999999	0.009667825607950832	0.45
339	5	245	310	4.5826199999999995	0.43903316492617206	0.45
340	5	246	17	5.73352	0.4606296933218427	0.45
341	5	246	424	5.654739999999999	0.4043694207659002	0.45
342	5	247	123	3.4795599999999998	0.0021848323901563866	0.45
343	5	247	398	6.201460000000001	0.018054097490425185	0.45
344	5	248	2	6.39576	0.8978154766277863	0.45
345	5	248	427	3.81678	0.13998184346889878	0.45
346	5	249	155	5.8334	0.018814519550456054	0.45
347	5	249	318	9.59966	0.00945842965292901	0.45
348	5	250	419	7.09992	1.50039171839217	0.45
349	5	251	16	6.4431199999999995	0.40680620698500836	0.45
350	5	251	416	5.49172	0.6981480376216354	0.45
351	5	252	339	8.93872	0.9734858731609531	0.45
352	5	253	145	5.566339999999999	1.0026151882221395	0.45
353	5	253	160	5.3052399999999995	1.4948952727408578	0.45
354	5	254	301	5.325	0.17260953390821013	0.45
355	5	255	10	5.7677	0.2741040566343508	0.45
356	5	255	22	7.19186	0.39907358988352	0.45
357	5	256	79	7.30922	0.16918680193374866	0.45
358	5	257	322	4.1203199999999995	1.9048107512131425	0.45
359	5	258	382	6.488460000000001	1.7140801847771852	0.45
360	5	259	274	6.82658	0.7532669611923714	0.45
361	5	260	346	6.05762	1.518891493211599	0.45
362	5	261	316	3.50958	0.03445138802286617	0.45
363	5	261	354	8.00568	2.0907468438578536	0.45
364	5	262	379	4.9002	0.3415593919308339	0.45
365	5	263	185	5.8621799999999995	0.4200005644314485	0.45
366	5	264	317	6.0453600000000005	0.00970869852865241	0.45
367	5	265	198	5.9998	2.3555662607667305	0.45
368	5	266	294	7.416359999999999	0.5634119680317736	0.45
369	5	267	166	6.2725599999999995	0.0005550481155375982	0.45
370	5	268	222	7.523420000000001	0.7401322586899329	0.45
371	5	269	83	4.1886	0.07820131990179385	0.45
372	5	269	358	6.106459999999999	1.0816991186579819	0.45
373	5	270	262	5.35218	0.07210382602612733	0.45
374	5	271	47	5.278560000000001	0.06401800646348269	0.45
375	5	272	8	5.14978	0.5950940584421149	0.45
376	5	272	407	5.728199999999999	0.44695693492495164	0.45
377	5	273	31	8.873579999999999	0.8073920236505336	0.45
378	5	273	369	6.85142	0.011392474456754932	0.45
379	5	274	89	6.82658	0.7532669611923464	0.45
380	5	275	137	6.66146	0.3524515747875874	0.45
381	5	276	228	6.94538	5.354384417292026	0.45
382	5	277	293	6.390359999999999	1.951495257948334	0.45
383	5	278	377	3.4269000000000003	0.008886001028766537	0.45
384	5	279	208	5.4557199999999995	0.1926538642125554	0.45
385	5	280	320	6.9201	0.25993526556829927	0.45
386	5	280	423	6.67516	0.5408935349241375	0.45
387	5	281	16	5.88962	0.05019857319232442	0.45
388	5	281	341	5.35426	0.09892177717213849	0.45
389	5	282	319	5.06688	0.5659617212672837	0.45
390	5	283	158	5.1081	2.1465983250439127	0.45
391	5	283	390	4.53324	0.3532918338904107	0.45
392	5	284	262	5.59832	0.26945556590468855	0.45
393	5	284	380	6.41272	0.5932850845831306	0.45
394	5	285	143	5.68714	0.7381130240533368	0.45
395	5	286	375	4.56154	1.421677084418023	0.45
396	5	287	355	3.76072	0.012323095976814726	0.45
397	5	288	239	6.44048	2.608106848859638	0.45
398	5	289	101	6.1397200000000005	4.0499663430662665	0.45
399	5	289	145	5.15922	0.3365465115841683	0.45
400	5	290	194	7.97242	0.8149043003856663	0.45
401	5	291	288	6.44048	2.608106848859648	0.45
402	5	292	326	7.59228	0.3711612063788464	0.45
403	5	293	394	8.015460000000001	0.9184634400987264	0.45
404	5	293	436	4.4943	1.0330318178496078	0.45
405	5	294	278	3.4269000000000003	0.008886001028766438	0.45
406	5	294	384	5.7449200000000005	0.5545259670029917	0.45
407	5	295	111	5.1776	0.09426434538417837	0.45
408	5	296	230	6.947080000000001	0.02882799731871967	0.45
409	5	297	27	7.09516	1.8682209219275914	0.45
410	5	298	227	7.18786	0.13325616079320796	0.45
411	5	298	391	4.85198	0.07876673192752402	0.45
412	5	299	322	7.971419999999999	2.91694824029405	0.45
413	5	299	373	6.42368	0.8841107586765325	0.45
414	5	300	183	6.94332	1.6944925491167986	0.45
415	5	301	439	3.97142	0.48286406151186856	0.45
416	5	302	55	6.25162	0.08977292663227289	0.45
417	5	302	356	3.76072	0.012323095976814075	0.45
418	5	303	241	7.3754599999999995	0.2755830664354453	0.45
419	5	303	428	5.26314	0.13675657705863944	0.45
420	5	304	36	6.0567400000000005	0.7374409995566813	0.45
421	5	305	8	4.94726	0.26764659204571367	0.45
422	5	305	80	6.33026	0.5223450392988731	0.45
423	5	305	313	3.36148	0.014808131873276977	0.45
424	5	306	272	5.3725	1.0420509933670765	0.45
425	5	307	119	6.83784	0.6491295078485857	0.45
426	5	308	264	7.09098	0.009481487141568304	0.45
427	5	309	175	6.458	0.034267046979032864	0.45
428	5	309	395	7.07854	0.19859080507150711	0.45
429	5	310	236	4.5826199999999995	0.43903316492617206	0.45
430	5	311	45	5.871499999999999	0.3295167213275662	0.45
431	5	311	65	4.2856000000000005	0.09446185317858566	0.45
432	5	312	252	4.3041	0.043731722326868894	0.45
433	5	313	172	6.89424	0.33790591366221695	0.45
434	5	314	90	6.9707799999999995	0.758812347925462	0.45
435	5	315	26	5.33022	0.31196163273616206	0.45
436	5	316	343	3.50958	0.034451388022865514	0.45
437	5	317	229	7.815999999999999	0.05207207765773141	0.45
438	5	318	155	6.05082	0.05873393126475237	0.45
439	5	319	283	5.06688	0.5659617212672886	0.45
440	5	320	383	7.937079999999999	0.4894187871800227	0.45
441	5	321	106	7.39702	0.6950716018203487	0.45
442	5	322	440	7.9040799999999996	4.821758991507197	0.45
443	5	323	38	5.12564	0.03969598370014649	0.45
444	5	323	139	8.178780000000001	0.31540967144505094	0.45
445	5	324	227	6.07748	0.6699890839764471	0.45
446	5	324	298	6.2511399999999995	0.21202289272073052	0.45
447	5	325	7	5.87602	0.7812041944978874	0.45
448	5	326	351	4.6977	0.2518018772787412	0.45
449	5	326	362	5.27412	0.5626593552926762	0.45
450	5	327	263	5.8621799999999995	0.4200005644314415	0.45
451	5	328	388	6.72156	2.3678712685279044	0.45
452	5	329	27	5.8178399999999995	0.6014345644382794	0.45
453	5	330	30	8.06388	0.24870511290629296	0.45
454	5	331	102	6.9737599999999995	0.3851377253231475	0.45
455	5	332	347	5.78372	0.8360928636080206	0.45
456	5	333	363	9.3134	1.5473633716305382	0.45
457	5	334	212	6.44122	0.06201172211048495	0.45
458	5	335	344	6.490880000000001	2.383504442658093	0.45
459	5	335	345	6.66534	0.19561573740247234	0.45
460	5	336	362	5.8566	0.25677640944544206	0.45
461	5	337	142	4.26218	0.1982337410640384	0.45
462	5	337	350	5.8621799999999995	0.42000056443146755	0.45
463	5	338	389	4.71678	0.31554540430251216	0.45
464	5	338	435	5.7825	2.5664192712215774	0.45
465	5	339	60	7.7903	2.188777038096125	0.45
466	5	340	95	5.35718	0.19443723171126454	0.45
467	5	340	314	6.9707799999999995	0.7588123479254171	0.45
468	5	341	68	7.84262	0.2627367230960944	0.45
469	5	342	59	6.47218	0.9082719634706922	0.45
470	5	343	59	3.50958	0.03445138802286562	0.45
471	5	344	88	6.40914	0.8677522164884298	0.45
472	5	344	216	6.6297999999999995	1.5157522261696474	0.45
473	5	345	53	6.66534	0.19561573740246438	0.45
474	5	346	3	6.66898	2.9218135650931916	0.45
475	5	347	179	6.7015199999999995	0.49763399606516334	0.45
476	5	347	443	3.8797399999999995	0.33845886754285576	0.45
477	5	348	438	6.4727	2.364384202894649	0.45
478	5	349	58	7.80002	1.4863498310916983	0.45
479	5	350	327	5.8621799999999995	0.4200005644314585	0.45
480	5	351	359	5.999820000000001	0.8157688953048848	0.45
481	5	352	205	3.88368	0.4415054566877296	0.45
482	5	352	421	6.63462	0.800195651897765	0.45
483	5	353	290	8.83768	0.5823963920557029	0.45
484	5	353	358	7.33646	0.27377151345540124	0.45
485	5	354	41	6.10656	0.9332123761524707	0.45
486	5	354	269	7.1667000000000005	1.157534467705498	0.45
487	5	355	27	3.76072	0.012323095976815877	0.45
488	5	356	215	3.76072	0.012323095976813978	0.45
489	5	357	269	5.0758	0.0023659708542840994	0.45
490	5	357	290	5.11306	0.2325079083299255	0.45
491	5	358	28	7.548039999999999	1.3554706321133072	0.45
492	5	359	149	9.246799999999999	0.6193042522174734	0.45
493	5	359	235	5.243799999999999	0.1964646430874183	0.45
494	5	360	329	5.243799999999999	0.19646464308743025	0.45
495	5	361	81	5.864199999999999	0.5931683355546282	0.45
496	5	361	336	5.8566	0.25677640944541963	0.45
497	5	362	14	7.52184	0.8194357647381353	0.45
498	5	363	116	9.3134	1.5473633716305684	0.45
499	5	364	48	9.3134	1.5473633716304485	0.45
500	5	365	64	7.79632	0.6362141387694135	0.45
501	5	366	132	6.7311	0.7534189045655015	0.45
502	5	366	182	7.78068	1.544433416690501	0.45
503	5	367	62	6.12266	0.5313346741928651	0.45
504	5	367	184	6.33242	0.34751475813107424	0.45
505	5	368	183	6.12266	0.5313346741928651	0.45
506	5	369	2	7.6288599999999995	0.3555317436989016	0.45
507	5	370	67	6.34974	0.3441392692421127	0.45
508	5	371	44	6.692279999999999	0.31759437682100733	0.45
509	5	371	372	8.3887	0.13906297311743937	0.45
510	5	372	44	6.116619999999999	0.15711707060789668	0.45
511	5	373	374	7.39722	1.817826733794102	0.45
512	5	374	348	6.50978	0.5672142515738079	0.45
513	5	374	441	5.8310200000000005	1.250612482220314	0.45
514	5	375	29	7.640300000000001	1.7161627782181428	0.45
515	5	376	63	7.70114	0.1673453168575275	0.45
516	5	376	286	4.56154	1.421677084418023	0.45
517	5	377	209	7.28968	0.12854135172814588	0.45
518	5	378	280	6.68188	0.8008288004924732	0.45
519	5	379	385	4.9002	0.34155939193083534	0.45
520	5	380	71	7.1452800000000005	2.761436922231929	0.45
521	5	381	71	7.2586	0.8554805779252935	0.45
522	5	382	13	7.48156	1.2754295914104277	0.45
523	5	382	18	4.65244	0.43865059336677203	0.45
524	5	383	292	7.31202	0.04611876098756538	0.45
525	5	383	326	7.65076	0.44330002619254366	0.45
526	5	384	292	6.50236	0.3250424453912869	0.45
527	5	384	320	5.35786	0.2294835216116879	0.45
528	5	385	386	4.9002	0.34155939193083285	0.45
529	5	386	381	4.9002	0.3415593919308394	0.45
530	5	387	285	5.75952	0.34681538311389776	0.45
531	5	388	253	7.73976	2.4975104609630123	0.45
532	5	388	285	5.41004	0.3912976409394301	0.45
533	5	389	442	6.77582	4.121465634468063	0.45
534	5	390	338	6.25376	2.8819646755240873	0.45
535	5	391	63	4.85198	0.07876673192752053	0.45
536	5	392	36	7.22764	1.6512499986080937	0.45
537	5	393	93	2.3617600000000003	0.0008731375017328567	0.45
538	5	393	380	5.587960000000001	2.1681518376488236	0.45
539	5	394	367	5.8845600000000005	0.8788494323239459	0.45
540	5	394	432	4.223199999999999	0.03961400777478084	0.45
541	5	395	244	7.07854	0.19859080507147867	0.45
542	5	396	250	7.38464	0.5002625760498771	0.45
543	5	396	412	6.41382	0.02023892988057635	0.45
544	5	397	219	6.434240000000001	0.053119300633709066	0.45
545	5	398	372	6.201460000000001	0.018054097490418093	0.45
546	5	399	270	6.1969199999999995	0.07123068852438853	0.45
547	5	400	321	5.63696	0.682007413688534	0.45
548	5	401	392	6.53348	1.50039171839216	0.45
549	5	403	189	6.00422	0.8001956518977498	0.45
550	5	405	223	6.17506	0.5408935349241425	0.45
551	5	406	306	5.41618	0.40436942076590365	0.45
552	5	409	5	5.8167	0.1399818434688983	0.45
553	5	410	38	4.50272	0.13675657705863895	0.45
554	5	414	304	6.26316	0.03961400777477251	0.45
555	5	420	205	5.414560000000001	0.12246156133841242	0.45
556	5	422	361	7.341760000000001	0.8499447450000474	0.45
557	5	425	204	6.1422	0.44695693492495314	0.45
558	5	426	241	5.48748	0.3607626269508355	0.45
559	5	429	370	6.98104	0.007280541536423277	0.45
560	5	430	247	6.80116	0.020238929880580996	0.45
561	5	431	255	5.488919999999999	0.6731776465178433	0.45
562	5	433	397	3.0655	0.009667825607945985	0.45
563	5	434	277	6.093999999999999	0.6981480376216354	0.45
564	5	444	49	10.26372	6.943406818567572	0.45
565	5	445	393	6.85562	2.169024975150527	0.45
566	5	446	69	8.22868	4.117522569781053	0.45
567	5	447	261	6.23656	2.1251982318806815	0.45
568	5	448	32	7.61396	2.3719243691450593	0.45
569	5	449	342	4.745959999999999	0.5141629906669358	0.45
570	5	450	72	8.66478	4.0760545545368805	0.45
571	5	451	200	5.3573	0.3978534677132263	0.45
572	5	452	357	4.2729	0.23487387918420488	0.45
452	total number of nodes
name	x	y	z
1	226.104	130.79899999999998	159.02700000000002
2	34.7346	325.902	269.09200000000004
3	297.29	183.47799999999998	188.066
4	356.449	220.57700000000003	83.11280000000001
5	79.29469999999999	39.1274	311.312
6	24.8113	167.98	228.80599999999998
7	297.154	87.1528	193.499
8	53.579699999999995	246.06600000000003	15.9357
9	262.857	346.71099999999996	88.71499999999999
10	273.688	371.73199999999997	290.213
11	13.3578	143.73000000000002	325.51800000000003
12	153.152	138.62	309.603
13	86.34649999999999	346.526	97.92670000000001
14	353.501	57.1033	311.183
15	229.076	123.853	144.353
16	67.02759999999999	83.7735	188.85899999999998
17	352.104	111.097	29.561500000000002
18	110.167	369.125	157.27100000000002
19	199.246	314.07800000000003	298.36400000000003
20	147.386	357.354	188.012
21	229.948	3.04949	4.80147
22	346.36600000000004	371.174	247.69199999999998
23	156.56900000000002	275.062	49.014799999999994
24	195.662	227.082	54.009299999999996
25	89.7571	70.02459999999999	97.9142
26	240.281	111.322	293.436
27	266.965	246.209	285.245
28	271.918	225.484	52.038
29	21.1088	81.9063	168.73
30	184.385	88.2203	128.40400000000002
31	119.473	262.185	189.219
32	105.30399999999999	131.645	36.657199999999996
33	92.4893	288.61400000000003	285.88399999999996
34	322.396	263.694	145.709
35	33.5743	188.148	195.088
36	54.7869	36.340700000000005	323.299
37	195.158	289.325	6.20758
38	185.69	87.40650000000001	118.577
39	216.809	333.588	242.902
40	252.28099999999998	320.34099999999995	13.885
41	221.74599999999998	187.54700000000003	52.7679
42	330.04699999999997	235.577	282.527
43	356.904	227.437	162.92100000000002
44	342.178	263.688	290.861
45	243.081	297.258	294.95
46	267.397	25.125	334.271
47	208.096	146.846	255.094
48	197.166	246.119	190.621
49	67.2683	59.6143	80.83789999999999
50	336.535	71.21170000000001	52.8163
51	216.829	65.84440000000001	278.09900000000005
52	355.46	51.1066	244.54000000000002
53	4.383570000000001	212.661	316.99
54	112.395	267.837	101.934
55	257.549	328.31199999999995	313.012
56	29.0361	330.96	177.27800000000002
57	146.897	111.83500000000001	109.416
58	264.352	92.45129999999999	139.623
59	253.201	151.686	4.72003
60	282.23400000000004	215.411	154.814
61	224.539	123.72500000000001	306.5
62	85.7504	275.24	369.86899999999997
63	71.1447	38.4448	35.5331
64	100.762	232.81	348.729
65	227.99800000000002	242.092	242.523
66	205.666	327.73900000000003	290.928
67	169.59	323.821	138.459
68	38.7699	75.71719999999999	250.23999999999998
69	108.113	177.502	64.0169
70	203.034	22.785700000000002	246.28600000000003
71	63.47089999999999	343.719	102.505
72	301.978	121.448	14.5233
73	249.26199999999997	136.421	363.22999999999996
74	273.774	229.653	361.81899999999996
75	345.35499999999996	260.16	197.815
76	265.29	325.291	112.497
77	100.768	50.046899999999994	190.956
78	181.501	269.16700000000003	35.5003
79	54.9113	137.89	171.478
80	127.596	238.642	58.951299999999996
81	356.98199999999997	74.8324	263.63899999999995
82	283.727	179.65	334.255
83	194.986	211.463	39.1025
84	225.155	336.834	25.997700000000002
85	197.19400000000002	141.499	259.73199999999997
86	281.699	272.495	364.387
87	113.226	24.028499999999998	7.5874999999999995
88	88.3478	220.487	228.743
89	350.063	22.6383	280.179
90	243.869	187.203	134.664
91	41.7573	85.7889	344.39
92	281.599	184.079	229.924
93	2.1856899999999997	373.277	56.029799999999994
94	94.3844	73.2941	148.484
95	252.81400000000002	211.779	76.4192
96	100.005	188.384	271.65400000000005
97	286.743	346.294	113.471
98	125.41799999999999	277.349	290.865
99	101.33	239.152	77.18780000000001
100	186.529	62.2805	174.86100000000002
101	224.95600000000002	112.41799999999999	374.18899999999996
102	235.624	272.56399999999996	59.518600000000006
103	5.44268	171.042	152.71300000000002
104	255.18200000000002	128.15200000000002	93.97380000000001
105	293.45	135.775	84.4457
106	32.3426	176.99699999999999	323.561
107	255.395	344.42199999999997	353.90299999999996
108	24.6467	226.155	165.933
109	262.082	209.343	238.321
110	280.007	65.9271	148.551
111	188.912	191.376	227.233
112	290.911	8.93284	281.529
113	114.284	243.873	306.645
114	257.297	329.858	313.819
115	257.839	318.057	315.165
116	204.13899999999998	243.362	176.809
117	195.26100000000002	227.661	186.40599999999998
118	201.389	247.535	195.96699999999998
119	32.305	157.84300000000002	191.808
120	47.9207	203.148	190.355
121	36.8527	179.93	202.296
122	246.518	358.88	370.183
123	262.343	339.075	350.61100000000005
124	253.723	337.92199999999997	349.805
125	260.938	318.986	315.784
126	262.156	315.418	311.24899999999997
127	232.21200000000002	320.941	307.18100000000004
128	121.40499999999999	224.21699999999998	53.0415
129	135.488	240.051	64.5357
130	120.243	224.971	57.3947
131	104.65499999999999	229.44799999999998	363.43
132	102.742	229.675	348.361
133	84.41709999999999	246.62399999999997	330.334
134	192.867	209.90200000000002	245.827
135	189.036	176.23000000000002	214.77599999999998
136	189.9	184.595	207.244
137	177.117	78.502	125.245
138	185.681	87.1999	119.178
139	185.77	98.73570000000001	105.401
140	127.14200000000001	254.889	205.383
141	117.411	257.702	184.716
142	117.906	271.94	174.17
143	132.386	158.338	290.27799999999996
144	156.26999999999998	138.338	319.289
145	155.46099999999998	137.61599999999999	310.40000000000003
146	40.908	169.447	311.98
147	37.8877	182.6	320.432
148	56.6562	187.706	329.606
149	328.576	241.348	286.621
150	316.20599999999996	224.358	280.007
151	336.105	238.633	286.181
152	184.15400000000002	221.40300000000002	233.447
153	183.809	204.95100000000002	251.02499999999998
154	188.752	207.409	234.048
155	234.53	200.977	127.86899999999999
156	235.142	183.55100000000002	134.077
157	253.10000000000002	177.782	130.559
158	142.352	121.118	314.242
159	151.391	140.894	309.846
160	149.916	128.516	290.877
161	305.543	116.074	109.497
162	293.647	143.743	90.4995
163	279.01	150.94199999999998	86.8952
164	191.127	225.309	57.6206
165	175.589	224.253	63.6818
166	191.767	225.89600000000002	61.069799999999994
167	336.71299999999997	61.2725	44.8776
168	339.185	74.87469999999999	56.26
169	335.102	67.801	52.7324
170	94.3725	282.141	99.5455
171	100.025	274.094	99.6166
172	103.729	277.55899999999997	109.98899999999999
173	331.587	74.3986	58.903600000000004
174	336.239	73.8668	60.9848
175	356.52299999999997	90.39099999999999	53.307199999999995
176	256.831	305.934	303.125
177	245.84900000000002	324.74	317.72799999999995
178	246.77599999999998	314.437	314.66
179	165.48499999999999	135.821	314.18
180	155.78799999999998	144.834	323.112
181	152.723	142.067	316.15099999999995
182	110.495	213.741	346.28000000000003
183	91.438	243.48	362.87800000000004
184	110.641	233.32600000000002	344.911
185	192.41899999999998	217.14499999999998	207.733
186	191.992	229.29299999999998	184.019
187	198.12	221.915	204.73499999999999
188	15.7532	166.01	144.69299999999998
189	2.6597199999999996	168.42499999999998	148.208
190	3.06032	176.874	156.191
191	356.12600000000003	18.3055	281.871
192	351.223	12.3906	284.026
193	340.458	9.67314	283.816
194	187.02700000000002	198.04299999999998	43.4962
195	185.733	213.664	50.8115
196	194.795	209.999	42.8723
197	127.412	217.068	342.042
198	90.8169	226.904	367.05199999999996
199	119.25200000000001	219.709	340.615
200	105.559	126.548	45.3559
201	106.78999999999999	133.186	44.271699999999996
202	76.9898	144.097	36.7171
203	362.739	222.64499999999998	166.648
204	368.065	238.00300000000001	153.122
205	371.819	206.797	189.232
206	96.0707	256.765	337.516
207	77.953	260.157	312.74
208	77.0395	250.392	335.478
209	304.386	137.27300000000002	93.8916
210	301.57399999999996	149.03400000000002	91.6028
211	294.735	147.399	86.7743
212	211.23499999999999	127.572	245.042
213	34.4705	170.464	286.689
214	294.322	104.972	90.91170000000001
215	277.932	309.182	280.0
216	74.1349	223.167	304.293
217	138.84699999999998	230.06799999999998	75.1289
218	31.6163	141.4	190.028
219	313.625	374.401	104.601
220	38.2894	307.766	197.621
221	170.816	87.8741	203.678
222	161.561	212.58599999999998	64.3671
223	19.415	180.24	153.666
224	149.782	284.651	295.73
225	193.28	335.309	302.164
226	313.378	55.8418	231.43
227	92.13220000000001	95.26079999999999	32.5383
228	114.745	74.4841	115.59400000000001
229	339.411	49.3864	278.332
230	194.59300000000002	206.012	84.2693
231	200.379	144.767	247.06100000000004
232	305.36	96.56530000000001	29.3866
233	263.384	336.628	333.931
234	305.786	86.27260000000001	84.98740000000001
235	331.908	222.814	244.90800000000002
236	176.28300000000002	119.78	275.996
237	306.117	93.6974	63.391400000000004
238	273.94399999999996	253.676	333.87800000000004
239	89.36	208.682	336.38599999999997
240	205.97899999999998	156.93900000000002	259.28700000000003
241	259.607	366.943	57.5051
242	301.73	251.46800000000002	216.825
243	266.239	327.584	339.282
244	358.90999999999997	51.6167	52.534
245	195.23399999999998	103.075	250.37300000000002
246	321.546	141.22	3.48005
247	293.455	355.42400000000004	359.682
248	32.3949	330.887	214.023
249	205.817	177.702	122.64200000000001
250	363.511	21.3031	297.72
251	83.298	73.1071	166.133
252	297.065	249.84699999999998	160.248
253	144.715	131.10399999999998	279.63800000000003
254	136.40200000000002	173.427	309.00600000000003
255	318.095	359.34299999999996	245.792
256	55.0775	134.602	181.681
257	215.804	80.51769999999999	300.60900000000004
258	82.4918	294.663	107.101
259	343.371	40.4787	275.518
260	252.825	154.742	170.71
261	253.814	176.459	23.541400000000003
262	29.3966	344.696	60.6457
263	171.01	221.087	200.727
264	306.906	35.3386	293.09
265	75.1798	204.364	362.09000000000003
266	302.042	123.07400000000001	70.8676
267	199.968	215.93099999999998	60.3133
268	164.47	194.734	55.055800000000005
269	216.366	188.39700000000002	31.630900000000004
270	2.84335	350.048	60.906000000000006
271	217.16	152.519	237.14100000000002
272	50.9645	220.731	10.149999999999999
273	131.72	276.574	191.663
274	350.004	41.5029	280.874
275	203.795	117.581	99.4532
276	96.65299999999999	52.7399	113.075
277	24.4034	342.729	288.038
278	321.772	123.89200000000001	85.65429999999999
279	88.38350000000001	262.03799999999995	340.05400000000003
280	326.005	122.207	113.583
281	87.91040000000001	57.9052	202.62
282	138.59	138.84699999999998	305.80100000000004
283	143.314	120.142	307.169
284	34.6314	312.561	43.8853
285	126.718	174.958	270.959
286	68.4521	17.800800000000002	89.6152
287	277.964	310.101	275.302
288	83.67609999999999	216.434	329.64000000000004
289	181.135	146.679	350.777
290	192.601	157.59699999999998	37.199400000000004
291	70.33160000000001	216.522	309.727
292	338.417	91.09440000000001	140.872
293	16.1383	356.19100000000003	303.19500000000005
294	326.03	123.313	71.9472
295	196.175	203.974	232.272
296	175.678	241.107	82.4828
297	238.93800000000002	223.488	259.317
298	43.720800000000004	100.708	17.4562
299	232.32600000000002	96.9572	347.063
300	161.381	260.99899999999997	229.60799999999998
301	106.063	177.37	337.522
302	273.662	329.29900000000004	307.865
303	233.349	350.32599999999996	17.4064
304	43.502199999999995	75.0773	338.803
305	124.368	239.153	46.2691
306	51.3591	206.793	13.0758
307	39.0132	155.191	178.51999999999998
308	289.342	24.1342	278.05800000000005
309	364.811	93.1715	63.803
310	175.551	102.31299999999999	274.105
311	238.813	253.39900000000003	238.955
312	301.202	239.476	169.34400000000002
313	150.371	285.15799999999996	60.3825
314	244.962	192.948	122.926
315	242.66000000000003	120.57000000000001	299.267
316	266.091	180.139	25.9927
317	331.69599999999997	54.1014	285.33
318	227.732	189.01899999999998	129.636
319	132.944	125.69200000000001	300.41200000000003
320	337.41799999999995	124.244	121.658
321	11.5	199.429	315.48299999999995
322	219.577	77.25890000000001	314.858
323	179.37	97.195	120.352
324	82.4115	103.494	44.9206
325	317.546	44.5613	174.06
326	371.22099999999995	126.501	176.529
327	154.995	217.93800000000002	183.489
328	75.8305	140.427	312.283
329	305.513	229.04	273.199
330	198.287	103.62299999999999	161.681
331	208.21699999999998	237.857	58.226800000000004
332	217.254	138.436	306.217
333	251.984	229.803	182.544
334	248.24200000000002	118.329	245.79099999999997
335	48.074600000000004	256.974	223.933
336	351.87800000000004	92.714	260.47499999999997
337	140.041	215.989	148.91500000000002
338	141.22	45.928	325.306
339	283.534	235.72	150.371
340	254.82899999999998	223.949	89.3549
341	110.042	54.8773	253.32700000000003
342	225.071	119.499	17.4079
343	267.087	150.256	32.4705
344	65.873	238.62699999999998	258.263
345	6.59565	270.455	266.13899999999995
346	266.711	192.596	157.671
347	191.416	163.96699999999998	312.984
348	234.571	166.59699999999998	332.493
349	280.156	105.832	105.56
350	144.434	192.036	168.78
351	373.564	196.085	183.64499999999998
352	368.591	207.307	176.55
353	222.14000000000001	173.609	55.6937
354	228.454	184.895	39.4803
355	276.394	294.90000000000003	271.831
356	286.252	312.882	285.798
357	215.63400000000001	170.92999999999998	29.7399
358	227.18	199.704	28.0625
359	336.04499999999996	212.444	254.004
360	325.709	232.91	256.275
361	362.31	84.6856	255.53300000000002
362	354.258	101.962	266.307
363	216.416	247.042	179.26
364	196.424	248.07699999999997	183.807
365	94.5034	235.142	339.884
366	104.99499999999999	220.171	339.522
367	97.16340000000001	277.277	361.79400000000004
368	78.6339	262.008	368.362
369	173.36399999999998	320.562	152.707
370	163.279	333.81600000000003	139.633
371	332.214	272.11	279.647
372	344.7	275.5	302.716
373	249.36100000000002	124.24300000000001	353.214
374	250.01100000000002	131.279	348.07399999999996
375	59.3929	8.39154	96.66109999999999
376	68.6318	21.83	77.89569999999999
377	305.61400000000003	126.112	97.8231
378	311.782	110.13799999999999	122.64900000000002
379	32.9125	352.337	68.32079999999999
380	28.0473	353.096	47.6884
381	75.3716	356.946	87.7135
382	90.69539999999999	346.132	111.435
383	348.731	119.32199999999999	125.56000000000002
384	345.42900000000003	117.182	110.826
385	42.0089	361.529	63.187099999999994
386	48.1192	359.036	72.1011
387	123.92800000000001	185.901	278.72299999999996
388	114.796	165.29399999999998	268.78900000000004
389	152.05599999999998	51.3944	331.842
390	134.039	55.4066	315.103
391	0.0	0.0	0.0
392	0.0	0.0	371.25
393	0.0	371.25	0.0
394	0.0	371.25	371.25
395	371.25	0.0	0.0
396	371.25	0.0	371.25
397	371.25	371.25	0.0
398	371.25	371.25	371.25
399	0.0	324.307	86.2237
400	0.0	186.766	317.009
401	0.0	43.872	355.623
402	0.0	165.09799999999998	247.85500000000002
403	0.0	135.862	185.756
404	0.0	78.3724	280.95000000000005
405	0.0	140.036	159.166
406	0.0	200.87199999999999	21.1536
407	0.0	225.766	76.3612
408	203.918	0.0	69.5875
409	56.2192	0.0	233.23
410	198.79500000000002	0.0	45.7427
411	174.30599999999998	0.0	60.3329
412	317.73199999999997	0.0	351.874
413	303.67	0.0	222.124
414	37.5386	0.0	346.247
415	356.922	0.0	68.1479
416	3.2133499999999997	0.0	251.273
417	375.0	324.307	86.2237
418	375.0	186.766	317.009
419	375.0	43.872	355.623
420	375.0	165.09799999999998	247.85500000000002
421	375.0	135.862	185.756
422	375.0	78.3724	280.95000000000005
423	375.0	140.036	159.166
424	375.0	200.87199999999999	21.1536
425	375.0	225.766	76.3612
426	203.918	375.0	69.5875
427	56.2192	375.0	233.23
428	198.79500000000002	375.0	45.7427
429	174.30599999999998	375.0	60.3329
430	317.73199999999997	375.0	351.874
431	303.67	375.0	222.124
432	37.5386	375.0	346.247
433	356.922	375.0	68.1479
434	3.2133499999999997	375.0	251.273
435	124.41899999999998	35.2881	375.0
436	14.7818	326.808	375.0
437	97.0252	209.414	375.0
438	231.315	200.654	375.0
439	115.119	154.867	375.0
440	208.99699999999999	39.3071	375.0
441	317.247	127.033	375.0
442	130.738	93.49419999999999	375.0
443	181.952	170.65900000000002	375.0
444	124.41899999999998	35.2881	0.0
445	14.7818	326.808	0.0
446	97.0252	209.414	0.0
447	231.315	200.654	0.0
448	115.119	154.867	0.0
449	208.99699999999999	39.3071	0.0
450	317.247	127.033	0.0
451	130.738	93.49419999999999	0.0
452	181.952	170.65900000000002	0.0
27 total number of boundary nodes
node bctyp press/flow   HD    PO2    solute 3
399	2	2.0	0.45	50.	1.
400	2	2.0	0.45	50.	1.
401	2	2.0	0.45	50.	1.
403	2	2.0	0.45	50.	1.
405	2	2.0	0.45	50.	1.
406	2	2.0	0.45	50.	1.
409	2	2.0	0.45	50.	1.
410	2	2.0	0.45	50.	1.
414	2	2.0	0.45	50.	1.
420	2	2.0	0.45	50.	1.
422	2	2.0	0.45	50.	1.
425	2	2.0	0.45	50.	1.
426	2	2.0	0.45	50.	1.
429	2	2.0	0.45	50.	1.
430	2	2.0	0.45	50.	1.
431	2	2.0	0.45	50.	1.
433	2	2.0	0.45	50.	1.
434	2	2.0	0.45	50.	1.
444	2	2.0	0.45	50.	1.
445	2	2.0	0.45	50.	1.
446	2	2.0	0.45	50.	1.
447	2	2.0	0.45	50.	1.
448	2	2.0	0.45	50.	1.
449	2	2.0	0.45	50.	1.
450	2	2.0	0.45	50.	1.
451	2	2.0	0.45	50.	1.
452	2	2.0	0.45	50.	1.
