Brain network by Wahbi
375.0	375.0	375.0	box dimensions in microns
25	25	25	number of tissue points in x,y,z directions
100.	outer bound distance
100.	max. segment length
5	nodsegm, max. allowed number of segments per node
559	total number of segments
name	type	from	to	diam.	rel. flow	hem.
1	5	1	42	7.42762	1.136119323464456	0.45
2	5	2	275	6.88862	2.056763906257526	0.45
3	5	2	366	6.39576	0.28258258841511863	0.45
4	5	3	347	7.6288599999999995	3.809171753222544	0.45
5	5	4	320	6.66898	2.135198564591381	0.45
6	5	5	87	6.09054	2.075964973373824	0.45
7	5	6	57	5.741820000000001	0.3009258237084529	0.45
8	5	7	53	7.398680000000001	0.32817229346609944	0.45
9	5	7	268	5.14978	0.11549333805851593	0.45
10	5	7	270	7.32512	0.35343718923446316	0.45
11	5	8	294	7.69926	2.0752691396912653	0.45
12	5	9	395	9.7903	0.6295473405024253	0.45
13	5	10	143	7.21652	1.6426355099022194	0.45
14	5	10	252	6.2211	0.9138453786839135	0.45
15	5	11	159	7.9566799999999995	0.403386127741904	0.45
16	5	12	380	5.488919999999999	0.059236962797918465	0.45
17	5	13	315	8.39514	0.4855098519347329	0.45
18	5	13	319	4.76156	0.2414755881062973	0.45
19	5	14	339	7.0099	0.9549068083308632	0.45
20	5	14	407	5.86474	0.5539909396353963	0.45
21	5	15	249	4.7695	0.5363066927227371	0.45
22	5	16	231	7.5397	3.0413090486904553	0.45
23	5	16	340	6.4431199999999995	1.9367721439542815	0.45
24	5	17	55	5.88962	0.3832705798111479	0.45
25	5	17	215	5.73352	0.4294755696825208	0.45
26	5	18	124	6.160679999999999	2.49982620706273	0.45
27	5	19	38	8.137599999999999	0.7972043517674202	0.45
28	5	20	56	6.2736	0.8342791987480949	0.45
29	5	20	245	7.04058	1.868914526022397	0.45
30	5	21	331	7.38464	0.26612393893409986	0.45
31	5	22	384	7.19186	0.3167360588722759	0.45
32	5	23	163	7.37618	3.906589299583485	0.45
33	5	23	341	7.1303	3.480150903074863	0.45
34	5	24	373	5.7412600000000005	0.13037424220044166	0.45
35	5	25	255	5.8178399999999995	0.6713653490628536	0.45
36	5	25	313	3.76072	0.06816213257385056	0.45
37	5	26	234	6.490880000000001	0.21484026165202433	0.45
38	5	27	236	6.35866	1.2203770531865687	0.45
39	5	28	15	4.7695	0.5363066927227371	0.45
40	5	28	93	6.715879999999999	0.9426063263278222	0.45
41	5	29	14	7.52184	1.5088977479662598	0.45
42	5	29	324	5.54446	0.26571246546334365	0.45
43	5	30	140	4.8728	2.233480618390086	0.45
44	5	30	271	5.77216	0.3708985194712767	0.45
45	5	31	200	6.70476	0.701563602106506	0.45
46	5	31	201	8.873579999999999	0.5029995405607021	0.45
47	5	32	437	6.77922	3.6211177659241627	0.45
48	5	33	74	5.64644	0.17706969255922664	0.45
49	5	33	250	6.05036	0.5251267149527449	0.45
50	5	34	215	6.0567400000000005	0.8101581904107056	0.45
51	5	35	302	6.08518	0.5526783823037036	0.45
52	5	36	240	7.22764	0.6072868453891307	0.45
53	5	36	352	4.88524	0.29792793451046384	0.45
54	5	37	138	7.07338	0.9492710014124888	0.45
55	5	38	18	8.70016	1.1968305794541607	0.45
56	5	39	394	6.1814800000000005	0.07647744075937592	0.45
57	5	39	419	4.330220000000001	0.06476723309481035	0.45
58	5	40	351	6.54918	0.5275939680933893	0.45
59	5	41	149	4.32622	0.0036315696424990902	0.45
60	5	41	150	6.89162	0.02708640949032462	0.45
61	5	41	358	5.11598	0.028519684063495067	0.45
62	5	42	202	5.819	1.05618616195529	0.45
63	5	42	203	6.15482	0.07993316150916102	0.45
64	5	43	435	7.6609	2.3575145398954276	0.45
65	5	44	18	7.16558	1.302995627608541	0.45
66	5	45	80	6.193639999999999	0.9403859306771183	0.45
67	5	46	230	6.27958	0.5101272289799867	0.45
68	5	46	239	8.268500000000001	0.534309995984484	0.45
69	5	47	118	6.41388	0.8934819540715495	0.45
70	5	47	185	7.48768	0.5808099827908565	0.45
71	5	48	62	5.278560000000001	1.0606300659756085	0.45
72	5	48	274	4.89358	0.13037424220044908	0.45
73	5	49	168	6.6635	0.18368478977980557	0.45
74	5	50	60	9.3134	0.011807888472464709	0.45
75	5	50	178	6.94538	0.11456793803035308	0.45
76	5	51	191	6.966200000000001	0.3675501376310174	0.45
77	5	52	438	8.18414	3.0559552692378693	0.45
78	5	53	170	6.25162	0.26781454843082314	0.45
79	5	53	256	5.87602	0.06035774503524863	0.45
80	5	54	113	7.80002	0.4836832022056308	0.45
81	5	54	125	6.47218	0.09322727354638706	0.45
82	5	55	219	5.88962	0.3832705798111459	0.45
83	5	56	340	6.2736	0.8342791987480949	0.45
84	5	57	51	10.26372	0.3374827593641398	0.45
85	5	58	259	4.7066	0.08959347236787896	0.45
86	5	58	314	7.7903	0.8593148346802224	0.45
87	5	59	204	6.1397200000000005	0.030768457886363135	0.45
88	5	60	84	5.33022	1.0867063257687064	0.45
89	5	61	365	9.6419	1.097789103962249	0.45
90	5	62	411	8.29954	1.8134119933267712	0.45
91	5	63	132	7.84262	0.6296467879539117	0.45
92	5	63	390	8.21704	0.6218944932935181	0.45
93	5	64	78	5.29202	0.06415642332147292	0.45
94	5	64	251	8.22868	0.04001459528809705	0.45
95	5	65	432	6.79844	3.0767366828146905	0.45
96	5	66	206	5.78104	0.19922145739412758	0.45
97	5	66	368	6.98662	0.014101629599893788	0.45
98	5	67	390	6.818420000000001	1.033884783536098	0.45
99	5	68	188	7.5409	0.17018965874631892	0.45
100	5	68	399	6.95406	0.2190003371093169	0.45
101	5	69	251	6.20594	0.07678694234339592	0.45
102	5	69	332	2.6226800000000003	0.0021548812754137027	0.45
103	5	70	142	5.93762	0.9344254230808531	0.45
104	5	71	323	7.46894	0.747750610818277	0.45
105	5	71	408	4.428940000000001	0.41723907739669613	0.45
106	5	72	345	4.6977	0.10466713181026854	0.45
107	5	73	327	7.84202	1.107054253294023	0.45
108	5	74	423	5.11718	0.42378159209539806	0.45
109	5	75	240	7.37304	0.05041934749324306	0.45
110	5	75	422	5.32566	0.13997375881525279	0.45
111	5	76	279	6.08518	0.5526783823037118	0.45
112	5	77	83	7.283799999999999	0.3017815304319666	0.45
113	5	77	329	4.22548	0.018023198035149825	0.45
114	5	78	326	6.87596	0.7817866967899012	0.45
115	5	79	129	5.66716	0.3660625905019893	0.45
116	5	80	433	7.1265600000000004	1.4526680409325339	0.45
117	5	81	151	6.939139999999999	0.05924120359887696	0.45
118	5	82	207	7.84134	3.2402958303464957	0.45
119	5	83	22	7.073720000000001	0.1732777803259299	0.45
120	5	83	329	5.7547	0.12850375010602147	0.45
121	5	84	235	6.40914	1.7795713237898865	0.45
122	5	85	369	5.12296	0.41714108908785447	0.45
123	5	86	28	7.548039999999999	1.478913019050559	0.45
124	5	86	412	7.2425	0.6007228593179273	0.45
125	5	87	120	6.09054	2.075964973373824	0.45
126	5	88	272	5.472	0.9638687659433599	0.45
127	5	89	157	5.51126	0.44064312100212594	0.45
128	5	89	312	6.50056	0.6287881987294544	0.45
129	5	90	67	6.818420000000001	1.0338847835361022	0.45
130	5	91	59	6.1397200000000005	0.030768457886363256	0.45
131	5	91	237	8.6076	0.19501068379552675	0.45
132	5	92	282	6.23656	0.19283793611501132	0.45
133	5	93	248	6.715879999999999	0.9426063263278304	0.45
134	5	94	27	6.35866	1.220377053186565	0.45
135	5	94	273	7.07338	0.9492710014127071	0.45
136	5	95	436	6.9421	2.475446867782972	0.45
137	5	96	218	7.12514	0.2662607358021432	0.45
138	5	96	394	7.39702	0.34725063702311637	0.45
139	5	97	223	7.09098	0.5872394414964138	0.45
140	5	98	68	4.68332	0.3891899958556445	0.45
141	5	98	296	6.48714	0.09937462711183592	0.45
142	5	99	29	7.640300000000001	1.7746102134296056	0.45
143	5	99	328	5.8502600000000005	0.025112573932226896	0.45
144	5	100	262	8.0045	0.49687940872014846	0.45
145	5	100	434	5.712	1.475646787986535	0.45
146	5	101	77	6.33026	0.3198047284671203	0.45
147	5	101	294	4.29624	0.1750412778159228	0.45
148	5	102	189	3.4795599999999998	0.09360797255827112	0.45
149	5	102	397	7.13828	0.0653770443605133	0.45
150	5	103	138	4.42476	0.703924837807424	0.45
151	5	104	264	6.434240000000001	0.03142936899033912	0.45
152	5	105	95	4.913860000000001	0.9737170278633218	0.45
153	5	105	147	7.45764	0.38802238641820347	0.45
154	5	106	122	7.1452800000000005	2.459386770269579	0.45
155	5	107	180	6.55912	0.5481765094947263	0.45
156	5	107	305	6.8104000000000005	0.7423917815239556	0.45
157	5	108	295	6.37972	0.326714858573864	0.45
158	5	109	6	5.8167	0.2667527063790302	0.45
159	5	109	324	6.7311	0.9047794965346242	0.45
160	5	110	293	6.41388	0.8934819540715866	0.45
161	5	111	190	6.73888	1.6053505812937643	0.45
162	5	112	148	7.29958	2.7024009200717978	0.45
163	5	113	175	5.4285	0.33073099831749975	0.45
164	5	113	176	5.48486	0.15295220388806838	0.45
165	5	114	54	6.41434	0.576910475751952	0.45
166	5	115	177	3.75492	0.013311642149937407	0.45
167	5	116	361	7.42762	1.1361193234645015	0.45
168	5	116	362	7.5571	1.4742919368623604	0.45
169	5	117	186	8.37812	0.629087600438012	0.45
170	5	118	136	6.41388	0.8934819540715866	0.45
171	5	119	121	5.9027	0.02476150805553092	0.45
172	5	119	217	6.07848	0.28128506306872036	0.45
173	5	120	34	5.0431	0.7853966823551671	0.45
174	5	120	107	7.85976	1.2905682910186653	0.45
175	5	121	34	5.9027	0.024761508055519008	0.45
176	5	122	224	7.1452800000000005	2.4593867702695835	0.45
177	5	123	300	6.463	0.206703282831163	0.45
178	5	124	106	7.1452800000000005	2.4593867702695875	0.45
179	5	124	123	2.9267	0.04043943679316343	0.45
180	5	125	115	3.75492	0.013311642149937571	0.45
181	5	125	126	4.26218	0.07991563139642953	0.45
182	5	126	175	4.26218	0.0799156313964291	0.45
183	5	127	246	5.60428	0.16626384603800037	0.45
184	5	128	130	5.50312	0.05653770274023616	0.45
185	5	128	268	5.325	0.07734459805649752	0.45
186	5	129	216	5.68714	0.8936565585953268	0.45
187	5	130	79	5.50312	0.05653770274026955	0.45
188	5	131	44	6.692279999999999	0.3343974059242975	0.45
189	5	131	197	4.7048000000000005	0.2703175258942793	0.45
190	5	132	131	8.10262	0.6047149318185641	0.45
191	5	132	364	3.26082	0.02493185613542029	0.45
192	5	133	206	5.919980000000001	0.17596974898603354	0.45
193	5	133	363	5.82544	1.2515412812475328	0.45
194	5	134	97	4.44206	0.3195853193258699	0.45
195	5	134	154	7.95348	0.07511626761262459	0.45
196	5	135	110	6.41388	0.8934819540715866	0.45
197	5	136	135	6.41388	0.8934819540715907	0.45
198	5	137	99	6.708200000000001	1.799722787361818	0.45
199	5	138	137	7.58356	1.6531958392206547	0.45
200	5	139	321	7.07338	0.949271001412736	0.45
201	5	140	17	7.840280000000001	0.8127461494936675	0.45
202	5	140	368	9.246799999999999	1.4868639361440164	0.45
203	5	141	30	8.06388	2.604379137861326	0.45
204	5	142	141	8.06388	2.6043791378612853	0.45
205	5	143	252	7.665039999999999	0.6126926971387959	0.45
206	5	143	280	6.75608	1.0299428127634316	0.45
207	5	144	178	7.02538	0.9825026802570641	0.45
208	5	144	179	4.05854	0.179761945219072	0.45
209	5	145	11	7.9566799999999995	0.40338612774199023	0.45
210	5	146	147	6.05082	0.9010031849667273	0.45
211	5	147	148	5.1081	1.2890255713849321	0.45
212	5	148	95	6.12866	1.5017298399196546	0.45
213	5	148	319	6.82058	2.489696651537088	0.45
214	5	149	150	7.09782	0.0036351100451021043	0.45
215	5	150	241	4.5826199999999995	0.03072151953542963	0.45
216	5	151	41	6.10656	0.0592376631963032	0.45
217	5	151	149	1.9369079999999999	3.5404025901669615e-06	0.45
218	5	152	44	6.116619999999999	0.9685982216842572	0.45
219	5	153	134	5.15922	0.394701586938509	0.45
220	5	153	223	5.3052399999999995	0.845251898773701	0.45
221	5	154	152	6.116619999999999	0.9685982216842572	0.45
222	5	155	316	5.79894	0.24842545043342817	0.45
223	5	156	89	5.4557199999999995	1.0694313197315886	0.45
224	5	157	258	5.51126	0.44064312100213415	0.45
225	5	158	84	5.35718	0.6928649980211717	0.45
226	5	159	180	5.2274400000000005	0.614088115981419	0.45
227	5	160	375	6.17388	0.2164485513314159	0.45
228	5	160	376	6.947080000000001	0.9738611235882577	0.45
229	5	161	104	6.434240000000001	0.03142936899034708	0.45
230	5	162	97	4.7233	0.2676541221705377	0.45
231	5	163	165	5.83018	3.556988841541294	0.45
232	5	163	271	4.7014000000000005	0.34960045804224926	0.45
233	5	164	266	5.83018	3.5569888415412567	0.45
234	5	165	164	5.83018	3.5569888415412403	0.45
235	5	166	243	6.6635	0.18368478977984184	0.45
236	5	167	49	6.6635	0.18368478977974662	0.45
237	5	167	173	6.488460000000001	0.34413462674948686	0.45
238	5	168	166	6.6635	0.18368478977986286	0.45
239	5	169	170	6.89424	0.06588801533211495	0.45
240	5	170	171	4.7651200000000005	0.3337025637629212	0.45
241	5	171	70	5.93762	0.9344254230808572	0.45
242	5	172	3	6.6022	3.3854436754400465	0.45
243	5	173	172	6.488460000000001	0.3441346267495078	0.45
244	5	174	167	7.45702	0.5278194165292701	0.45
245	5	175	300	6.12266	0.41064662971393096	0.45
246	5	176	177	5.48486	0.1529522038880696	0.45
247	5	177	127	5.60428	0.1662638460380016	0.45
248	5	178	108	4.15846	0.05263339332292684	0.45
249	5	178	269	5.871499999999999	1.0444372249644627	0.45
250	5	179	287	4.05854	0.179761945219072	0.45
251	5	180	144	5.775239999999999	1.162264625476145	0.45
252	5	181	364	5.48684	0.6001845428794904	0.45
253	5	182	197	5.96846	0.46664080280774617	0.45
254	5	182	263	5.9998	0.6247810855794548	0.45
255	5	183	182	7.78068	1.091421888387201	0.45
256	5	183	196	6.33242	0.07901332199426082	0.45
257	5	184	261	8.37812	0.6290876004379502	0.45
258	5	185	117	8.37812	0.6290876004379709	0.45
259	5	186	184	8.37812	0.6290876004379585	0.45
260	5	187	222	6.00422	1.3422039289871377	0.45
261	5	188	102	8.67986	0.1589850169187288	0.45
262	5	188	187	5.9836599999999995	0.011204641827589746	0.45
263	5	189	270	6.548979999999999	0.6387090807863588	0.45
264	5	190	88	5.472	0.9638687659433559	0.45
265	5	190	191	7.97242	0.6414818153503835	0.45
266	5	191	192	4.1886	1.0090319529814475	0.45
267	5	192	100	6.32434	1.9725261967066836	0.45
268	5	193	195	8.86256	2.6442263492985645	0.45
269	5	194	265	5.3573	1.927692689856641	0.45
270	5	195	82	5.1962600000000005	0.7165336594419317	0.45
271	5	195	194	5.3573	1.9276926898566331	0.45
272	5	196	198	5.48684	0.6001845428794781	0.45
273	5	197	263	6.1422	0.7369583287020351	0.45
274	5	198	181	5.48684	0.6001845428794863	0.45
275	5	199	226	7.09928	1.0470714096268	0.45
276	5	200	199	7.09928	1.0470714096268123	0.45
277	5	201	296	5.414560000000001	0.6586726740071903	0.45
278	5	202	295	7.28968	1.0879459577319959	0.45
279	5	203	344	6.15482	0.07993316150916845	0.45
280	5	204	350	4.7272799999999995	0.031759795776708566	0.45
281	5	205	183	5.8621799999999995	1.1704352103814717	0.45
282	5	206	205	8.16772	0.3751912063801653	0.45
283	5	207	133	5.566339999999999	1.4275110302335723	0.45
284	5	207	277	6.55258	1.8127848001129316	0.45
285	5	208	209	9.04438	0.19047898623458273	0.45
286	5	209	210	9.04438	0.19047898623455964	0.45
287	5	210	161	6.434240000000001	0.03142936899034688	0.45
288	5	210	162	6.2725599999999995	0.1590496172442763	0.45
289	5	211	80	4.4421	0.5122821102554157	0.45
290	5	212	146	6.05082	0.9010031849667232	0.45
291	5	213	160	6.29828	1.190309674919668	0.45
292	5	214	285	4.98686	0.8723863348749139	0.45
293	5	214	354	5.5953800000000005	0.6285792308690143	0.45
294	5	215	286	5.80756	1.2396337600932306	0.45
295	5	216	60	5.78372	1.0748984372962382	0.45
296	5	217	254	6.07848	0.28128506306872864	0.45
297	5	218	301	9.36718	0.33163778016269896	0.45
298	5	219	247	5.88962	0.3832705798111504	0.45
299	5	220	328	5.51126	0.44064312100213826	0.45
300	5	221	216	7.523420000000001	0.18124187870097208	0.45
301	5	221	294	5.40546	0.8519847919357199	0.45
302	5	222	7	6.55552	0.7971028207590755	0.45
303	5	222	189	4.68422	0.5451011082280786	0.45
304	5	223	232	7.18786	1.432491340270119	0.45
305	5	224	65	7.1452800000000005	2.4593867702695955	0.45
306	5	225	51	4.13226	0.030067378266890696	0.45
307	5	226	98	5.46164	0.4885646229674717	0.45
308	5	226	322	6.07748	0.5585067866593076	0.45
309	5	227	86	5.75952	2.079635878368499	0.45
310	5	228	334	7.815999999999999	0.968172216645719	0.45
311	5	229	265	6.50056	0.6287881987295163	0.45
312	5	230	211	6.27958	0.5101272289799992	0.45
313	5	231	172	7.5397	3.041309048690476	0.45
314	5	232	353	4.43288	0.12166522996493878	0.45
315	5	232	370	6.17926	1.3108261103051686	0.45
316	5	233	213	6.29828	1.190309674919668	0.45
317	5	233	225	4.13226	0.030067378266890578	0.45
318	5	234	358	6.490880000000001	0.21484026165201153	0.45
319	5	235	297	6.44048	0.5606245543914045	0.45
320	5	235	308	7.65904	1.218946769398474	0.45
321	5	236	233	6.35866	1.220377053186565	0.45
322	5	237	73	7.84202	1.1070542532940149	0.45
323	5	238	299	8.25022	1.8647501591081468	0.45
324	5	239	287	8.268500000000001	0.5343099959844758	0.45
325	5	240	8	4.94726	0.6577061928823754	0.45
326	5	241	108	6.68452	0.2740814652509442	0.45
327	5	242	114	6.41434	0.5769104757520263	0.45
328	5	243	420	5.654739999999999	0.3750339867525792	0.45
329	5	244	388	6.13664	0.7395274816367168	0.45
330	5	245	71	4.3041	1.1649896882149688	0.45
331	5	245	103	4.42476	0.703924837807424	0.45
332	5	246	123	5.60428	0.16626384603799832	0.45
333	5	247	2	5.63738	1.3218056985610351	0.45
334	5	248	316	6.80116	0.8210058692981733	0.45
335	5	248	325	6.68188	0.1216004570296193	0.45
336	5	249	76	4.7695	0.5363066927227371	0.45
337	5	250	310	3.81678	0.4885697792970538	0.45
338	5	250	431	9.59966	0.03655693565569819	0.45
339	5	251	145	5.49126	0.11680153763148696	0.45
340	5	252	145	5.8334	0.2865845901105255	0.45
341	5	252	153	7.71904	1.2399534857122132	0.45
342	5	253	21	7.38464	0.2661239389340966	0.45
343	5	253	331	5.49172	0.11384133543665131	0.45
344	5	254	78	6.07848	0.28128506306872736	0.45
345	5	255	440	7.73976	3.1105675710249714	0.45
346	5	256	169	6.458	0.0011207822373149904	0.45
347	5	256	391	5.488919999999999	0.0592369627979164	0.45
348	5	257	13	7.48156	0.7269854400409841	0.45
349	5	257	262	4.1203199999999995	0.4435065219569698	0.45
350	5	258	220	5.51126	0.44064312100213826	0.45
351	5	259	33	6.87468	0.7021964075119702	0.45
352	5	260	378	5.35218	0.5095739949871784	0.45
353	5	261	91	6.9737599999999995	0.22577914168188704	0.45
354	5	261	283	5.59832	0.403308458756034	0.45
355	5	262	45	6.193639999999999	0.9403859306771183	0.45
356	5	263	105	7.65748	1.3617394142814896	0.45
357	5	264	292	6.434240000000001	0.03142936899033521	0.45
358	5	265	10	7.925720000000001	2.5564808885861368	0.45
359	5	266	82	7.39118	2.5237621709045768	0.45
360	5	266	221	5.3752200000000006	1.0332266706366724	0.45
361	5	267	352	4.9002	0.22966603358293786	0.45
362	5	267	355	6.0453600000000005	0.44340718855844313	0.45
363	5	268	92	6.23656	0.19283793611500724	0.45
364	5	269	46	5.871499999999999	1.0444372249644627	0.45
365	5	270	304	7.1667000000000005	0.9921462700209269	0.45
366	5	271	367	5.0758	0.7204989775135132	0.45
367	5	272	228	7.10372	0.4826623647109408	0.45
368	5	272	421	6.106459999999999	0.4812064012324029	0.45
369	5	273	139	7.07338	0.9492710014127442	0.45
370	5	274	24	4.6038	0.058722970042019346	0.45
371	5	274	389	7.09516	0.07165127215843056	0.45
372	5	275	291	7.16694	2.0557957966241562	0.45
373	5	275	398	2.3617600000000003	0.0009681096333937117	0.45
374	5	276	292	5.06688	0.025969565096763254	0.45
375	5	277	205	5.95234	0.7952440040013122	0.45
376	5	277	343	6.2077800000000005	1.0175407961116072	0.45
377	5	278	318	6.947080000000001	0.9738611235882083	0.45
378	5	279	35	6.08518	0.5526783823036994	0.45
379	5	280	159	5.64592	0.21070198823953018	0.45
380	5	280	317	6.1969199999999995	0.8192408245239818	0.45
381	5	281	50	6.47298	0.12637582650282944	0.45
382	5	281	158	5.35718	0.6928649980211758	0.45
383	5	282	260	6.23656	0.19283793611500846	0.45
384	5	283	385	5.3725	0.29913744014647864	0.45
385	5	283	386	7.921360000000001	0.10417101860956808	0.45
386	5	284	373	5.728199999999999	2.7020435635192084	0.45
387	5	284	374	6.85142	1.2054495075571392	0.45
388	5	285	242	6.41434	0.5769104757520263	0.45
389	5	285	353	6.390359999999999	0.2954758591229158	0.45
390	5	286	238	5.80756	1.239633760093218	0.45
391	5	287	330	6.093999999999999	0.7140719412035363	0.45
392	5	288	155	4.53078	0.12682499340382003	0.45
393	5	288	193	8.86256	2.6442263492985694	0.45
394	5	289	112	8.25022	1.864750159108143	0.45
395	5	290	237	7.3754599999999995	0.9120435694984714	0.45
396	5	290	414	5.35426	0.1192164881768149	0.45
397	5	291	32	7.16694	2.0557957966241562	0.45
398	5	292	382	4.53324	0.05739893408708643	0.45
399	5	293	154	6.41388	0.8934819540715825	0.45
400	5	294	335	6.41272	3.102295209442884	0.45
401	5	295	330	5.41004	1.4146608163058645	0.45
402	5	296	187	6.82658	1.3309992871595635	0.45
403	5	297	371	6.44048	0.5606245543914045	0.45
404	5	298	38	4.50272	0.39962622768674794	0.45
405	5	298	140	6.70168	0.06612946724760085	0.45
406	5	299	289	8.25022	1.8647501591081468	0.45
407	5	300	65	7.2586	0.6173499125450989	0.45
408	5	301	39	6.2838199999999995	0.14124467385418954	0.45
409	5	301	75	5.8975800000000005	0.19039310630850326	0.45
410	5	302	90	6.08518	0.5526783823036994	0.45
411	5	303	79	6.44122	0.3095248877617441	0.45
412	5	303	128	7.03692	0.1338823007967609	0.45
413	5	304	5	5.82808	1.3671802567734765	0.45
414	5	305	78	5.864199999999999	0.43634521039970225	0.45
415	5	305	119	6.66146	0.30604657112424927	0.45
416	5	306	6	4.791060000000001	0.03417311732942234	0.45
417	5	306	111	6.73888	1.6053505812937559	0.45
418	5	307	174	4.69304	0.30881907941994335	0.45
419	5	307	393	6.551399999999999	0.1913491969727303	0.45
420	5	308	4	7.31922	0.47941928776176945	0.45
421	5	308	244	6.13664	0.7395274816367124	0.45
422	5	309	64	7.921360000000001	0.1041710186095821	0.45
423	5	310	162	5.815099999999999	0.10860450492627874	0.45
424	5	310	253	7.09992	0.3799652743707755	0.45
425	5	311	22	4.634659999999999	0.14345827854634766	0.45
426	5	311	142	5.5142999999999995	1.6699537147804193	0.45
427	5	312	337	6.50056	0.6287881987294791	0.45
428	5	313	320	8.015460000000001	0.3040036573707494	0.45
429	5	314	74	5.35526	0.24671189953616693	0.45
430	5	314	259	8.00568	0.612602935144058	0.45
431	5	315	228	8.39514	0.48550985193472457	0.45
432	5	316	156	5.4557199999999995	1.0694313197316092	0.45
433	5	317	281	6.1969199999999995	0.8192408245239696	0.45
434	5	318	381	6.67516	1.0312600576753141	0.45
435	5	319	52	6.66534	2.7311722396433806	0.45
436	5	320	255	8.93872	2.4392022219621015	0.45
437	5	321	37	7.07338	0.9492710014127279	0.45
438	5	322	296	8.83768	0.5729519860404673	0.45
439	5	323	109	7.79632	1.1715322029136546	0.45
440	5	324	257	6.05762	1.1704919619979497	0.45
441	5	325	155	6.68188	0.12160045702962055	0.45
442	5	326	212	6.05082	0.9010031849667316	0.45
443	5	327	357	6.2511399999999995	0.26940349233039007	0.45
444	5	327	418	7.971419999999999	0.8376507609636592	0.45
445	5	328	409	6.42368	0.46575569493435914	0.45
446	5	329	428	3.97142	0.1465269481411756	0.45
447	5	330	439	5.26314	2.128732757509401	0.45
448	5	331	19	4.65244	0.3799652743707441	0.45
449	5	332	211	2.6226800000000003	0.0021548812754137153	0.45
450	5	333	366	5.35786	0.2612155759116543	0.45
451	5	334	359	6.26316	0.9563603282209476	0.45
452	5	334	360	3.36148	0.011811888424775981	0.45
453	5	335	116	7.9539800000000005	2.610411260326858	0.45
454	5	335	348	5.41618	0.49188394911603484	0.45
455	5	336	387	6.13664	0.7395274816367168	0.45
456	5	337	229	6.50056	0.6287881987294999	0.45
457	5	338	8	5.7677	1.4175629468088942	0.45
458	5	338	58	5.27948	0.9489083070481058	0.45
459	5	338	96	6.3435999999999995	0.6135113728252608	0.45
460	5	338	307	7.31202	0.5001682763926646	0.45
461	5	339	76	6.62086	0.016371689580971575	0.45
462	5	339	406	7.937079999999999	0.9385351187498844	0.45
463	5	340	288	6.9201	2.7710513427023726	0.45
464	5	341	338	7.1303	3.4801509030749584	0.45
465	5	342	196	7.54024	0.5211712208852362	0.45
466	5	342	333	5.35786	0.2612155759116555	0.45
467	5	342	365	5.63696	0.4675328653378686	0.45
468	5	343	2	6.2077800000000005	1.0175407961116112	0.45
469	5	344	349	6.15482	0.0799331615091738	0.45
470	5	345	52	4.68454	0.3247830295944903	0.45
471	5	346	241	7.07854	0.24335994571551992	0.45
472	5	347	94	7.8897	2.1696480545992802	0.45
473	5	347	306	7.59228	1.6395236986231934	0.45
474	5	348	185	6.5559199999999995	0.048277617647301506	0.45
475	5	348	385	6.72156	0.9507822219882862	0.45
476	5	349	69	7.24718	0.07894182361881122	0.45
477	5	349	204	7.0369	0.0009913378903422152	0.45
478	5	350	202	4.7272799999999995	0.03175979577670209	0.45
479	5	351	129	6.54918	0.5275939680933646	0.45
480	5	352	40	6.54918	0.5275939680933893	0.45
481	5	353	85	5.12296	0.41714108908785447	0.45
482	5	354	9	5.5953800000000005	0.6285792308690143	0.45
483	5	355	303	6.0453600000000005	0.4434071885584349	0.45
484	5	356	101	6.83784	0.4948460062830435	0.45
485	5	356	267	7.416359999999999	0.6730732221413785	0.45
486	5	357	26	6.490880000000001	0.21484026165199543	0.45
487	5	357	81	6.9707799999999995	0.05456323067839709	0.45
488	5	358	346	7.07854	0.24335994571551497	0.45
489	5	359	192	6.80052	0.963494243725236	0.45
490	5	360	81	4.41722	0.004677972920487996	0.45
491	5	360	359	4.71678	0.007133915504288976	0.45
492	5	361	1	7.42762	1.1361193234644602	0.45
493	5	362	47	7.5571	1.4742919368624101	0.45
494	5	363	63	5.82544	1.2515412812475286	0.45
495	5	364	238	5.48748	0.6251163990149164	0.45
496	5	365	392	7.61396	1.5653219693000022	0.45
497	5	366	61	7.70114	0.5437981643267581	0.45
498	5	367	66	8.66478	0.213323086994016	0.45
499	5	367	348	7.65076	0.5071758905195183	0.45
500	5	368	214	6.40134	1.5009655657439325	0.45
501	5	369	43	5.12296	0.4171410890878504	0.45
502	5	370	43	7.06668	1.9403734508075734	0.45
503	5	371	72	4.6977	0.10466713181026895	0.45
504	5	371	372	6.25376	0.4559574225811256	0.45
505	5	372	313	4.4943	0.23584152479689763	0.45
506	5	372	345	5.27412	0.22011589778421684	0.45
507	5	373	62	5.3200400000000005	0.752781927351159	0.45
508	5	373	227	5.75952	2.079635878368503	0.45
509	5	374	48	8.67516	1.1910043081760537	0.45
510	5	374	322	3.4269000000000003	0.014445199381144415	0.45
511	5	375	208	9.04438	0.19047898623457202	0.45
512	5	375	276	5.06688	0.02596956509676091	0.45
513	5	376	278	6.947080000000001	0.9738611235882083	0.45
514	5	377	260	7.19186	0.31673605887219136	0.45
515	5	378	5	6.766	0.7087847166003474	0.45
516	5	379	12	5.488919999999999	0.0592369627979127	0.45
517	5	380	378	5.7825	0.19921072161316586	0.45
518	5	381	290	6.67516	1.0312600576752977	0.45
519	5	382	318	4.53324	0.057398934087088495	0.45
520	5	383	377	7.19186	0.31673605887222395	0.45
521	5	384	383	7.19186	0.3167360588722206	0.45
522	5	385	342	7.9040799999999996	1.2499196621347632	0.45
523	5	386	309	7.921360000000001	0.1041710186095689	0.45
524	5	387	25	6.13664	0.7395274816367083	0.45
525	5	388	336	6.13664	0.7395274816367168	0.45
526	5	389	24	7.09516	0.0716512721584215	0.45
527	5	390	4	7.82426	1.6557792768296118	0.45
528	5	391	379	5.488919999999999	0.05923696279791599	0.45
529	5	392	32	7.61396	1.5653219693000107	0.45
530	5	393	243	6.551399999999999	0.19134919697272904	0.45
531	5	394	3	6.1551	0.4237280777825017	0.45
532	5	395	370	9.7903	0.6295473405024253	0.45
533	5	396	326	4.2856000000000005	0.11921648817681944	0.45
534	5	400	112	5.1776	0.8376507609636633	0.45
535	5	401	169	4.38426	0.06476723309481075	0.45
536	5	402	304	6.6297999999999995	0.3750339867525689	0.45
537	5	403	90	6.2537199999999995	0.48120640123241515	0.45
538	5	404	380	4.745959999999999	0.1399737588152536	0.45
539	5	405	323	5.7449200000000005	0.42378159209539806	0.45
540	5	410	137	8.05176	0.14652694814118383	0.45
541	5	413	57	3.50958	0.03655693565567877	0.45
542	5	415	218	6.17506	0.06537704436049599	0.45
543	5	416	9	4.22278	0.0009681096333933282	0.45
544	5	417	174	6.94332	0.21900033710937625	0.45
545	5	424	247	6.201460000000001	0.9385351187498926	0.45
546	5	425	61	4.85198	0.5539909396353963	0.45
547	5	426	19	6.55876	0.4172390773966921	0.45
548	5	427	298	5.11306	0.46575569493436736	0.45
549	5	429	311	6.50236	1.813411993326788	0.45
550	5	430	171	6.7015199999999995	0.6007228593179232	0.45
551	5	441	356	5.243799999999999	1.1679192284244055	0.45
552	5	442	16	7.30922	4.978081192644733	0.45
553	5	443	20	7.35796	2.703193724770496	0.45
554	5	444	36	5.12564	0.9052147798995971	0.45
555	5	445	201	4.36302	0.15567313344647338	0.45
556	5	446	31	5.69784	1.204563142667233	0.45
557	5	447	200	3.88368	0.34550780752027493	0.45
558	5	448	23	8.3239	7.386740202658315	0.45
559	5	449	284	8.178780000000001	3.907493071076352	0.45
449	total number of nodes
name	x	y	z
1	227.262	182.461	194.243
2	51.8997	328.106	264.304
3	323.537	139.286	62.2833
4	104.972	71.71350000000001	358.246
5	9.55897	194.63600000000002	147.412
6	366.132	10.761099999999999	187.09900000000002
7	53.4639	226.28	103.05
8	279.604	277.41700000000003	68.59230000000001
9	340.60600000000005	367.159	313.326
10	116.428	180.132	293.84799999999996
11	181.08800000000002	165.417	289.304
12	36.2449	331.91900000000004	20.820500000000003
13	310.29400000000004	56.1269	285.138
14	156.059	24.2309	226.627
15	57.0931	83.4534	179.292
16	255.31700000000004	113.385	30.022399999999998
17	96.883	327.69100000000003	185.029
18	189.894	320.101	277.22700000000003
19	218.054	362.829	243.197
20	241.708	9.178040000000001	23.6203
21	325.18899999999996	297.005	230.05700000000002
22	148.81900000000002	344.592	94.5018
23	248.33899999999997	202.103	17.213
24	72.9862	35.475899999999996	65.9469
25	193.14700000000002	69.9304	350.806
26	310.09499999999997	169.542	317.637
27	285.391	192.989	110.243
28	83.20020000000001	77.93119999999999	170.414
29	206.956	35.722500000000004	162.11700000000002
30	123.70400000000001	332.703	159.894
31	106.206	222.77700000000002	0.0882064
32	35.811	322.254	358.222
33	318.906	297.429	145.062
34	49.613	205.66	218.48899999999998
35	30.682000000000002	16.5928	316.021
36	249.501	259.813	36.7812
37	247.78099999999998	86.5502	118.91
38	191.001	353.522	241.482
39	369.768	368.145	33.1751
40	209.711	247.615	38.149699999999996
41	312.725	190.641	347.029
42	251.97400000000002	170.34099999999998	197.269
43	334.545	309.586	312.84900000000005
44	183.976	312.986	281.625
45	258.561	72.9217	315.089
46	243.99099999999999	131.59900000000002	303.232
47	195.001	213.46900000000002	210.91600000000003
48	108.02300000000001	7.24721	44.0312
49	344.338	105.81	30.6967
50	187.219	114.24199999999999	296.00600000000003
51	361.01	112.104	182.596
52	85.5253	187.654	362.20799999999997
53	45.0521	316.113	111.833
54	275.759	368.053	358.9
55	76.6896	351.052	217.105
56	232.353	8.19587	17.71
57	365.129	81.20909999999999	163.75
58	351.948	247.902	72.5599
59	283.979	147.71099999999998	223.756
60	133.484	120.714	301.771
61	81.0521	327.357	283.875
62	117.095	27.980700000000002	62.2939
63	29.8569	234.27100000000002	288.541
64	125.296	158.173	229.747
65	154.822	323.036	367.831
66	174.496	285.55600000000004	165.576
67	15.0272	42.6963	367.57
68	47.3339	167.918	31.2091
69	213.659	124.367	223.4
70	72.0189	352.753	122.26199999999999
71	259.07700000000006	23.608	123.22200000000001
72	173.058	136.59300000000002	365.366
73	331.83799999999997	170.724	260.504
74	318.13	326.18	129.04100000000003
75	312.648	320.67499999999995	52.441300000000005
76	25.849800000000002	27.6924	231.919
77	225.663	367.519	62.13740000000001
78	61.448899999999995	134.792	211.87300000000002
79	183.588	237.347	55.4147
80	271.456	101.593	323.8
81	351.649	141.40800000000002	349.89500000000004
82	192.599	153.132	88.5507
83	203.858	351.003	75.34150000000001
84	151.988	125.84700000000001	321.177
85	301.868	332.716	320.541
86	80.739	34.5326	104.968
87	41.966499999999996	223.19	175.814
88	336.89300000000003	20.144	299.925
89	168.04999999999998	148.548	151.07999999999998
90	14.2819	56.9057	350.155
91	308.323	166.24599999999998	227.972
92	116.688	264.111	70.99189999999999
93	111.698	118.81400000000001	163.283
94	269.408	149.78300000000002	95.25479999999999
95	17.6645	139.827	364.38399999999996
96	324.907	290.09499999999997	5.44123
97	227.101	254.78799999999998	320.37899999999996
98	50.2087	166.033	6.442340000000001
99	216.91	71.0941	149.343
100	248.836	2.93666	322.352
101	214.328	286.733	41.8206
102	28.927500000000002	197.698	71.3192
103	271.775	66.1558	112.809
104	311.699	231.99099999999999	152.286
105	4.86719	148.114	329.32700000000006
106	204.551	339.719	304.856
107	72.3001	246.247	205.759
108	216.87599999999998	193.691	299.767
109	296.6	3.9308300000000003	167.387
110	190.06900000000002	243.038	262.449
111	372.88399999999996	7.956479999999999	255.484
112	31.943400000000004	195.316	329.393
113	275.50699999999995	369.59900000000005	359.706
114	274.87699999999995	368.192	355.434
115	276.049	357.798	361.052
116	201.974	210.713	197.104
117	193.096	195.011	206.701
118	199.223	214.885	216.263
119	48.3438	175.35500000000002	215.208
120	63.9595	220.66	213.755
121	52.8914	197.443	225.696
122	195.674	354.178	321.136
123	211.498	334.372	301.56399999999996
124	202.87800000000001	333.22	300.758
125	279.149	358.727	361.671
126	280.367	355.159	357.13599999999997
127	250.42199999999997	360.68199999999996	353.069
128	177.39700000000002	222.921	49.5048
129	191.481	238.756	60.999
130	176.235	223.675	53.858
131	33.7496	230.90900000000002	303.241
132	31.8367	231.136	288.173
133	13.512	248.085	270.146
134	194.024	261.56399999999996	281.04200000000003
135	190.193	227.892	249.992
136	191.058	236.257	242.46
137	239.208	77.6457	125.578
138	247.772	86.3436	119.511
139	247.861	97.8794	105.733
140	131.37199999999999	325.407	176.058
141	121.642	328.21999999999997	155.392
142	122.137	342.458	144.845
143	160.321	185.13500000000002	269.979
144	184.206	165.13500000000002	298.99
145	183.397	164.413	290.101
146	13.4326	140.563	317.746
147	10.4123	153.71699999999998	326.197
148	29.1808	158.823	335.371
149	311.254	196.412	351.123
150	298.884	179.422	344.509
151	318.783	193.697	350.682
152	185.31099999999998	273.065	268.663
153	184.96699999999998	256.613	286.241
154	189.91	259.07099999999997	269.264
155	158.71099999999998	162.322	144.285
156	159.323	144.896	150.494
157	177.281	139.127	146.975
158	170.28799999999998	147.914	293.94300000000004
159	179.326	167.691	289.547
160	323.792	212.29	177.33700000000002
161	311.89599999999996	239.959	158.339
162	297.26	247.158	154.735
163	243.804	200.33	20.8243
164	228.266	199.274	26.8855
165	244.44400000000002	200.91799999999998	24.273600000000002
166	344.517	95.8707	22.758000000000003
167	346.98900000000003	109.473	34.1404
168	342.906	102.399	30.6128
169	27.0295	330.41700000000003	109.44500000000001
170	32.6817	322.37	109.516
171	36.3861	325.83500000000004	119.88900000000001
172	339.39099999999996	108.997	36.784
173	344.043	108.465	38.8652
174	364.327	124.98899999999999	31.1875
175	275.041	345.675	349.012
176	264.05899999999997	364.481	363.616
177	264.986	354.179	360.547
178	193.42	162.617	293.88100000000003
179	183.724	171.631	302.813
180	180.658	168.863	295.852
181	39.5897	215.202	286.092
182	20.5329	244.94099999999997	302.68899999999996
183	39.7354	234.787	284.723
184	190.254	184.496	228.029
185	189.827	196.643	204.31400000000002
186	195.954	189.266	225.03
187	18.617099999999997	192.666	63.2993
188	26.1446	195.081	66.8149
189	26.5452	203.53	74.7978
190	342.956	15.8112	301.617
191	338.053	9.89631	303.772
192	327.288	7.17888	303.562
193	184.64	139.71200000000002	92.9445
194	183.34699999999998	155.333	100.26
195	192.409	151.669	92.32050000000001
196	56.5073	218.529	281.853
197	19.911800000000003	228.365	306.86400000000003
198	48.346700000000006	221.17	280.42699999999996
199	106.461	217.67999999999998	8.786909999999999
200	107.692	224.31799999999998	7.70277
201	77.8915	235.22899999999998	0.148142
202	257.809	165.549	200.996
203	263.135	180.907	187.47
204	266.89	149.70000000000002	223.57999999999998
205	25.165599999999998	258.226	277.327
206	7.0479199999999995	261.618	252.55200000000002
207	6.13436	251.853	275.28999999999996
208	322.635	233.488	161.731
209	319.824	245.24900000000002	159.443
210	312.984	243.61399999999998	154.614
211	247.131	112.325	293.18
212	6.995150000000001	141.581	292.455
213	312.57099999999997	201.18800000000002	158.75199999999998
214	296.142	348.923	325.887
215	3.22977	224.628	244.105
216	194.839	228.77300000000002	71.5922
217	47.6551	158.912	213.428
218	351.78999999999996	318.202	14.311399999999999
219	85.9429	327.858	237.448
220	201.196	96.68769999999999	178.16
221	217.554	211.291	60.8304
222	22.2789	206.89600000000002	72.27289999999999
223	251.46499999999997	262.09	325.243
224	142.435	330.606	356.595
225	318.928	116.839	169.486
226	93.0338	186.392	21.604499999999998
227	97.9738	39.935399999999994	83.6263
228	326.241	46.8921	298.07800000000003
229	192.20700000000002	147.682	133.71800000000002
230	236.274	129.51999999999998	295.199
231	313.164	131.163	7.26702
232	281.594	314.98	318.206
233	324.036	182.488	152.827
234	314.585	177.878	309.40999999999997
235	131.077	104.128	337.44100000000003
236	324.367	189.91299999999998	131.231
237	332.00800000000004	194.74800000000002	232.56300000000002
238	18.4549	210.143	276.197
239	241.875	141.692	307.425
240	276.354	297.649	37.382400000000004
241	284.408	206.53199999999998	281.327
242	284.45	367.325	325.69800000000004
243	366.714	86.2149	30.4143
244	150.028	87.4229	311.818
245	278.645	43.380700000000004	112.179
246	242.611	350.721	310.63500000000005
247	80.0483	350.97900000000004	253.85000000000002
248	129.99800000000002	139.047	139.05800000000002
249	8.37933	50.7527	207.097
250	293.57599999999996	283.582	159.601
251	172.65	157.901	259.339
252	164.33800000000002	200.22299999999998	288.70700000000005
253	296.919	285.17499999999995	228.15699999999998
254	71.1163	152.11399999999998	205.08200000000002
255	168.67	39.1263	357.97999999999996
256	15.1488	342.939	117.0
257	300.163	39.5024	249.473
258	177.006	116.087	187.127
259	352.561	272.675	91.38119999999999
260	89.4768	292.692	75.6079
261	168.845	188.437	221.022
262	263.698	34.3622	267.045
263	4.274649999999999	205.825	301.902
264	320.291	219.28900000000002	138.70700000000002
265	197.582	157.60000000000002	109.762
266	220.462	193.438	51.5191
267	204.33100000000002	248.46599999999998	17.0126
268	117.345	240.881	75.8682
269	253.05500000000004	137.272	285.279
270	50.8487	200.94500000000002	97.2642
271	135.95100000000002	347.09200000000004	162.339
272	336.834	39.0087	300.62
273	265.885	116.72500000000001	99.786
274	79.8821	18.1912	81.1073
275	41.5684	344.933	283.25
276	340.02099999999996	220.108	153.494
277	17.478399999999997	263.49899999999997	279.866
278	344.254	218.422	181.423
279	12.9918	35.550799999999995	243.583
280	166.525	165.644	285.50199999999995
281	171.25	146.93900000000002	286.87
282	94.71159999999999	260.558	58.8474
283	154.65300000000002	201.75400000000002	250.66
284	109.207	49.060700000000004	52.8085
285	296.17400000000004	349.843	321.19
286	12.771	217.89499999999998	269.452
287	209.071	173.476	330.478
288	190.214	99.2663	86.6477
289	42.8563	187.639	315.492
290	356.66700000000003	187.31	208.71200000000002
291	33.303399999999996	358.39500000000004	298.407
292	344.279	219.529	139.787
293	197.333	255.636	267.487
294	231.671	239.811	78.9461
295	193.732	207.836	320.762
296	44.6224	191.84	6.52243
297	156.12300000000002	97.12950000000001	349.199
298	165.61200000000002	331.517	200.28400000000002
299	35.157799999999995	178.83100000000002	277.33299999999997
300	222.81699999999998	324.596	344.31
301	350.83500000000004	338.159	36.696400000000004
302	16.0269	46.1941	344.568
303	180.35999999999999	237.857	42.7324
304	51.2433	187.007	100.19
305	55.052	172.704	201.92
306	371.315	23.1578	252.01299999999998
307	372.615	127.77000000000001	41.6834
308	130.345	86.6604	335.55
309	136.10999999999999	169.481	226.178
310	297.713	273.21099999999996	168.69699999999997
311	142.62	354.688	105.869
312	169.143	154.293	139.343
313	195.527	79.17859999999999	356.638
314	364.83799999999997	276.355	93.8325
315	318.526	51.6071	305.07599999999996
316	151.91299999999998	150.363	146.053
317	160.88	152.489	280.113
318	355.667	220.459	189.498
319	78.4088	174.421	360.701
320	172.44299999999998	35.8675	372.22900000000004
321	241.46099999999998	96.3387	120.685
322	123.166	134.754	8.113909999999999
323	274.338	43.5849	148.016
324	266.29200000000003	69.4046	210.876
325	103.874	144.818	112.743
326	4.92538	141.888	252.09499999999997
327	333.196	171.944	307.546
328	196.12199999999999	70.9732	181.976
329	226.46699999999998	334.072	126.067
330	218.412	190.098	341.433
331	270.234	326.019	250.384
332	235.07199999999997	115.834	265.537
333	95.7281	277.06600000000003	263.76
334	361.974	90.2198	280.221
335	196.033	214.693	145.37900000000002
336	169.156	72.7247	305.007
337	180.832	151.80200000000002	137.594
338	302.188	219.332	29.298900000000003
339	85.9369	35.1293	246.04899999999998
340	236.83100000000002	125.62700000000001	11.0139
341	274.89099999999996	184.855	10.3508
342	113.526	258.719	298.09
343	22.634400000000003	287.968	289.539
344	264.546	159.946	177.967
345	146.211	148.315	374.42900000000003
346	262.50600000000003	193.394	312.194
347	287.96	140.43	83.4401
348	160.47199999999998	209.548	192.18
349	268.635	138.989	217.99300000000002
350	263.66200000000003	150.211	210.89700000000002
351	210.10500000000002	233.677	41.0754
352	216.419	244.963	24.8621
353	294.60499999999996	334.641	317.71799999999996
354	304.46200000000005	352.623	331.685
355	203.599	230.998	15.121699999999999
356	215.145	259.77299999999997	13.4442
357	318.72299999999996	167.508	318.506
358	308.387	187.975	320.777
359	372.406	82.1914	275.278
360	364.354	99.468	286.053
361	214.251	214.392	199.555
362	194.25900000000001	215.42800000000003	204.10299999999998
363	23.598300000000002	236.603	279.696
364	34.0902	221.632	279.334
365	92.46509999999999	329.394	291.95000000000005
366	73.93560000000001	314.12399999999997	282.368
367	178.27	282.29699999999997	179.825
368	168.185	295.55100000000004	166.75
369	324.581	318.007	301.63500000000005
370	337.06600000000003	321.39799999999997	324.704
371	173.158	124.415	355.34999999999997
372	173.808	131.452	350.211
373	100.147	39.6515	59.8543
374	109.386	53.0899	41.089
375	323.863	222.327	165.663
376	330.031	206.354	190.489
377	92.9927	300.33399999999995	83.283
378	88.1275	301.092	62.6505
379	25.27	342.34000000000003	10.607299999999999
380	40.593799999999995	331.525	34.328900000000004
381	366.981	215.538	193.4
382	363.678	213.398	178.666
383	102.089	309.525	78.1493
384	108.199	307.032	87.0633
385	151.863	212.69799999999998	258.424
386	142.732	192.091	248.48999999999998
387	179.991	78.1911	311.542
388	161.975	82.2032	294.80400000000003
389	0.0	0.0	0.0
390	0.0	0.0	371.25
391	0.0	371.25	0.0
392	0.0	371.25	371.25
393	371.25	0.0	0.0
394	371.25	371.25	0.0
395	371.25	371.25	371.25
396	0.0	156.07500000000002	210.204
397	0.0	257.412	49.4489
398	0.0	366.243	251.93699999999998
399	0.0	121.043	51.2786
400	0.0	231.814	342.661
401	0.0	336.211	85.58529999999999
402	0.0	114.808	32.8775
403	0.0	79.2295	303.708
404	0.0	271.39500000000004	43.8427
405	325.309	0.0	166.427
406	59.218	0.0	247.754
407	91.90809999999999	0.0	267.14099999999996
408	221.915	0.0	178.805
409	150.098	0.0	204.83
410	190.712	0.0	145.92000000000002
411	145.003	0.0	27.5895
412	16.6115	0.0	135.209
413	343.021	0.0	148.39700000000002
414	375.0	156.07500000000002	210.204
415	375.0	257.412	49.4489
416	375.0	366.243	251.93699999999998
417	375.0	121.043	51.2786
418	375.0	231.814	342.661
419	375.0	336.211	85.58529999999999
420	375.0	114.808	32.8775
421	375.0	79.2295	303.708
422	375.0	271.39500000000004	43.8427
423	325.309	375.0	166.427
424	59.218	375.0	247.754
425	91.90809999999999	375.0	267.14099999999996
426	221.915	375.0	178.805
427	150.098	375.0	204.83
428	190.712	375.0	145.92000000000002
429	145.003	375.0	27.5895
430	16.6115	375.0	135.209
431	343.021	375.0	148.39700000000002
432	170.392	339.536	375.0
433	278.72299999999996	83.9714	375.0
434	282.652	10.420499999999999	375.0
435	333.981	273.437	375.0
436	6.09671	211.107	375.0
437	72.76089999999999	267.54900000000004	375.0
438	117.855	222.46099999999998	375.0
439	233.751	197.08700000000002	375.0
440	99.4428	38.7313	375.0
441	170.392	339.536	0.0
442	278.72299999999996	83.9714	0.0
443	282.652	10.420499999999999	0.0
444	333.981	273.437	0.0
445	6.09671	211.107	0.0
446	72.76089999999999	267.54900000000004	0.0
447	117.855	222.46099999999998	0.0
448	233.751	197.08700000000002	0.0
449	99.4428	38.7313	0.0
27 total number of boundary nodes
node bctyp press/flow   HD    PO2    solute 3
396	2	2.0	0.45	50.	1.
400	2	2.0	0.45	50.	1.
401	2	2.0	0.45	50.	1.
402	2	2.0	0.45	50.	1.
403	2	2.0	0.45	50.	1.
404	2	2.0	0.45	50.	1.
405	2	2.0	0.45	50.	1.
410	2	2.0	0.45	50.	1.
413	2	2.0	0.45	50.	1.
415	2	2.0	0.45	50.	1.
416	2	2.0	0.45	50.	1.
417	2	2.0	0.45	50.	1.
424	2	2.0	0.45	50.	1.
425	2	2.0	0.45	50.	1.
426	2	2.0	0.45	50.	1.
427	2	2.0	0.45	50.	1.
429	2	2.0	0.45	50.	1.
430	2	2.0	0.45	50.	1.
441	2	2.0	0.45	50.	1.
442	2	2.0	0.45	50.	1.
443	2	2.0	0.45	50.	1.
444	2	2.0	0.45	50.	1.
445	2	2.0	0.45	50.	1.
446	2	2.0	0.45	50.	1.
447	2	2.0	0.45	50.	1.
448	2	2.0	0.45	50.	1.
449	2	2.0	0.45	50.	1.
