Brain network by Wahbi
375.0	375.0	375.0	box dimensions in microns
25	25	25	number of tissue points in x,y,z directions
100.	outer bound distance
100.	max. segment length
5	nodsegm, max. allowed number of segments per node
558	total number of segments
name	type	from	to	diam.	rel. flow	hem.
1	5	1	259	7.523420000000001	1.1930986185194703	0.45
2	5	2	61	5.63738	0.16021339150103042	0.45
3	5	2	426	6.2077800000000005	0.04076438684447799	0.45
4	5	3	91	5.815099999999999	0.0658737247220359	0.45
5	5	4	311	6.6022	3.233346364799008	0.45
6	5	5	11	6.1551	0.8573170092410699	0.45
7	5	5	389	6.66898	2.375226192551865	0.45
8	5	6	341	9.6419	2.599962855749839	0.45
9	5	7	57	4.22548	0.13970559450679593	0.45
10	5	8	269	6.95406	1.899069170373597	0.45
11	5	9	240	7.82426	1.1520760177050124	0.45
12	5	9	394	6.09054	1.6462795585333658	0.45
13	5	10	246	6.766	0.7300326289197622	0.45
14	5	10	299	5.741820000000001	1.4372343989875564	0.45
15	5	11	95	4.791060000000001	0.779804358454737	0.45
16	5	11	399	7.398680000000001	0.07751265078633743	0.45
17	5	12	159	7.65748	0.02083402670541873	0.45
18	5	13	379	7.32512	2.2924695200236833	0.45
19	5	14	345	4.94726	0.5771754914429563	0.45
20	5	15	220	9.7903	0.0974240221030521	0.45
21	5	16	29	7.21652	1.7723002304391047	0.45
22	5	17	230	8.39514	4.206234800470322	0.45
23	5	17	346	4.76156	0.31562606377798813	0.45
24	5	18	332	7.0099	0.6128387533361258	0.45
25	5	19	97	6.77922	0.25796214422041774	0.45
26	5	20	136	6.4431199999999995	1.862833836831016	0.45
27	5	20	367	7.30922	0.002470117623880453	0.45
28	5	21	164	5.819	0.22123620806149832	0.45
29	5	22	74	5.80756	1.1843867125074272	0.45
30	5	23	310	6.966200000000001	0.9289789251929276	0.45
31	5	24	175	7.840280000000001	2.1335363582670315	0.45
32	5	25	273	7.16558	0.6007748940434079	0.45
33	5	25	321	6.160679999999999	0.5717023228938675	0.45
34	5	26	312	6.55876	0.6888099552082585	0.45
35	5	27	81	7.04058	0.87075987692696	0.45
36	5	28	313	5.35426	0.7092561409197884	0.45
37	5	29	69	5.5953800000000005	0.06918876320589708	0.45
38	5	29	93	7.073720000000001	0.9154474532761567	0.45
39	5	29	250	4.634659999999999	0.17103654995205245	0.45
40	5	29	255	7.19186	0.6166274640050345	0.45
41	5	30	140	7.37618	3.338350299298613	0.45
42	5	31	200	4.6038	0.501317221161786	0.45
43	5	31	201	5.7412600000000005	1.393030335163174	0.45
44	5	32	398	6.13664	2.167267027907319	0.45
45	5	33	251	5.80756	1.1843867125074272	0.45
46	5	34	120	4.7695	0.047354893102405315	0.45
47	5	34	121	7.548039999999999	0.5884463542912941	0.45
48	5	35	389	5.54446	0.7784474708003543	0.45
49	5	36	23	6.966200000000001	0.9289789251929376	0.45
50	5	37	138	5.871499999999999	0.38959378012416596	0.45
51	5	38	20	7.5397	1.8653039544549235	0.45
52	5	39	300	5.77216	1.1155002498834299	0.45
53	5	40	350	8.16772	0.8904410097924299	0.45
54	5	41	150	5.69784	3.892677543685361	0.45
55	5	42	202	5.83018	0.20903367478508722	0.45
56	5	43	368	3.88368	0.008960554887717603	0.45
57	5	44	19	6.77922	0.2579621442204157	0.45
58	5	44	223	5.64644	0.11642644975367696	0.45
59	5	45	27	6.2736	0.4119473917128378	0.45
60	5	46	239	5.0431	1.7760345749047186	0.45
61	5	46	329	5.9027	2.3621004524613167	0.45
62	5	47	361	4.88524	0.3621434903846822	0.45
63	5	48	25	8.70016	1.1724772169373003	0.45
64	5	49	168	4.68454	0.10900384893296294	0.45
65	5	50	26	8.137599999999999	0.5445682590834345	0.45
66	5	50	387	6.1814800000000005	0.6135540539776089	0.45
67	5	51	192	4.5826199999999995	0.02073266822812321	0.45
68	5	52	318	5.2274400000000005	1.490725690587361	0.45
69	5	53	222	6.89162	0.4670287834623238	0.45
70	5	54	125	6.939139999999999	0.7601826569450183	0.45
71	5	55	186	6.10656	0.8407626548580285	0.45
72	5	55	219	5.11598	1.356014017047274	0.45
73	5	56	21	5.819	0.2212362080615003	0.45
74	5	56	200	6.15482	0.3795386859819553	0.45
75	5	57	327	4.22548	0.13970559450679543	0.45
76	5	58	103	5.12296	0.37252022755232994	0.45
77	5	58	260	7.06668	0.008903999214048065	0.45
78	5	59	258	7.10372	0.29022564242816085	0.45
79	5	60	301	6.692279999999999	1.4960588318925505	0.45
80	5	61	364	6.27958	0.003341818300522534	0.45
81	5	61	365	8.268500000000001	0.15687157320051104	0.45
82	5	62	16	6.2211	1.6067885393591401	0.45
83	5	63	132	7.39702	1.814203384257732	0.45
84	5	64	244	8.67986	0.17022845570783696	0.45
85	5	65	176	7.5571	1.3454522398484523	0.45
86	5	65	224	5.278560000000001	1.2874268766414225	0.45
87	5	66	123	4.89358	0.6436261346820906	0.45
88	5	66	366	8.67516	0.25540778731469077	0.45
89	5	67	148	6.68452	0.2764875257427279	0.45
90	5	68	16	7.925720000000001	0.16551169107995395	0.45
91	5	68	187	6.94538	0.13523076917304494	0.45
92	5	69	99	5.5953800000000005	0.0691887632058931	0.45
93	5	70	101	6.966200000000001	0.9289789251929376	0.45
94	5	71	156	6.66534	0.4860942694631268	0.45
95	5	71	243	4.68454	0.1090038489329634	0.45
96	5	72	370	6.25162	0.6549571547629605	0.45
97	5	72	440	5.87602	1.7071432976983563	0.45
98	5	73	45	6.2736	0.41194739171283323	0.45
99	5	74	33	5.80756	1.1843867125074221	0.45
100	5	75	300	7.80002	0.6813369619613623	0.45
101	5	76	278	4.7066	0.05579339079128591	0.45
102	5	77	83	5.27948	0.6208238388542616	0.45
103	5	77	367	5.33022	0.8965638043728911	0.45
104	5	78	6	9.6419	2.599962855749874	0.45
105	5	79	130	8.29954	1.039246772848258	0.45
106	5	79	302	7.84262	0.9157006118222049	0.45
107	5	80	393	5.95234	0.25925560182018514	0.45
108	5	81	150	5.82544	1.236459046816634	0.45
109	5	82	195	5.29202	1.257540301622865	0.45
110	5	82	334	8.22868	1.8236300152712919	0.45
111	5	83	70	10.26372	0.5925885799570926	0.45
112	5	83	425	7.1452800000000005	0.028235258897160394	0.45
113	5	84	288	7.02538	0.09463378653954498	0.45
114	5	85	224	6.79844	0.9108404592367108	0.45
115	5	86	62	6.160679999999999	0.5717023228938525	0.45
116	5	87	78	7.70114	2.3062064477213746	0.45
117	5	88	271	1.9369079999999999	3.4717987476607326e-05	0.45
118	5	89	156	5.78104	1.2557345358172975	0.45
119	5	89	157	8.66478	1.6602367016432658	0.45
120	5	90	35	7.640300000000001	0.7376830839558774	0.45
121	5	90	100	4.68332	0.7454713309679213	0.45
122	5	91	348	5.815099999999999	0.06587372472203441	0.45
123	5	92	268	6.95406	1.8990691703735818	0.45
124	5	93	325	7.24718	0.3011378616502134	0.45
125	5	93	396	4.3041	0.6143095916259415	0.45
126	5	94	28	5.35426	0.7092561409197884	0.45
127	5	95	112	7.46894	1.588429488951914	0.45
128	5	96	39	8.06388	0.05154328456583233	0.45
129	5	96	330	5.35526	1.100532733139122	0.45
130	5	97	85	6.77922	0.2579621442203844	0.45
131	5	98	165	3.26082	0.004721614048659082	0.45
132	5	99	15	5.5953800000000005	0.06918876320591098	0.45
133	5	100	438	7.37304	1.0347293158412076	0.45
134	5	101	36	6.966200000000001	0.9289789251929426	0.45
135	5	102	188	7.09782	2.1709756785483583	0.45
136	5	103	322	5.12296	0.3725202275523334	0.45
137	5	104	162	5.8975800000000005	0.2158873486690926	0.45
138	5	104	264	6.08518	0.28771018375551405	0.45
139	5	105	298	6.68452	0.27648752574275576	0.45
140	5	106	122	6.1397200000000005	1.6607573853106383	0.45
141	5	107	87	7.70114	2.3062064477213746	0.45
142	5	108	253	6.33026	1.246084471461164	0.45
143	5	109	7	4.22548	0.13970559450679543	0.45
144	5	109	343	5.864199999999999	0.420374016824942	0.45
145	5	110	26	4.65244	0.144241696124816	0.45
146	5	110	292	5.66716	1.7742163434009257	0.45
147	5	111	305	5.50312	0.20984506135844708	0.45
148	5	111	358	6.44122	0.4044645302674954	0.45
149	5	112	432	7.1265600000000004	1.8359508094335346	0.45
150	5	113	54	6.939139999999999	0.7601826569450183	0.45
151	5	114	113	6.9707799999999995	0.7213116060861947	0.45
152	5	114	395	7.39118	0.1909726114382986	0.45
153	5	115	125	6.9737599999999995	2.687107947532017	0.45
154	5	116	361	6.40914	0.8309551281347821	0.45
155	5	117	185	7.22764	0.24640905694294046	0.45
156	5	118	47	6.0567400000000005	0.11573443344170546	0.45
157	5	118	360	5.35718	0.03806088375756953	0.45
158	5	119	121	7.2425	0.6185209350200336	0.45
159	5	119	304	5.51126	0.08639482233708165	0.45
160	5	120	215	4.7695	0.04735489310240095	0.45
161	5	121	215	6.50056	1.2069672893113574	0.45
162	5	122	352	6.1397200000000005	1.6607573853106383	0.45
163	5	123	124	6.818420000000001	0.7238888792704317	0.45
164	5	124	106	6.1397200000000005	1.6607573853106383	0.45
165	5	125	126	6.35866	3.4472906044770855	0.45
166	5	126	436	7.8897	6.2296299701322075	0.45
167	5	127	85	7.2586	0.6528783150162385	0.45
168	5	128	311	6.12866	1.0645063748780081	0.45
169	5	129	79	5.3200400000000005	1.9549473846703884	0.45
170	5	130	128	8.29954	1.0392467728482282	0.45
171	5	131	197	7.12514	2.299350821084538	0.45
172	5	132	131	6.9421	1.7225531300732664	0.45
173	5	132	363	4.44206	0.09165025418455408	0.45
174	5	133	362	7.39702	1.8142033842576772	0.45
175	5	134	153	5.1776	0.17317255799252212	0.45
176	5	135	108	6.62086	0.0715148218562092	0.45
177	5	135	110	6.87596	1.9184580395257396	0.45
178	5	136	108	7.283799999999999	1.1745696496049598	0.45
179	5	136	135	5.46164	0.688264187226071	0.45
180	5	137	339	5.871499999999999	0.38959378012417983	0.45
181	5	138	137	5.871499999999999	0.38959378012419027	0.45
182	5	139	226	6.708200000000001	1.0005854021289562	0.45
183	5	139	320	5.871499999999999	0.3895937801241049	0.45
184	5	140	32	5.8178399999999995	2.0564527458693282	0.45
185	5	140	147	6.32434	1.2818975534292896	0.45
186	5	141	30	7.1303	2.528426330166342	0.45
187	5	142	141	7.1303	2.5284263301664063	0.45
188	5	143	279	6.83784	0.1288747729704272	0.45
189	5	143	308	8.67986	0.17022845570786227	0.45
190	5	144	179	3.4795599999999998	0.04928675709053213	0.45
191	5	144	181	7.45764	0.01881301601373138	0.45
192	5	145	12	7.65748	0.020834026705305746	0.45
193	5	145	158	7.85976	1.891529903840477	0.45
194	5	146	307	8.67986	0.17022845570789505	0.45
195	5	147	235	6.8104000000000005	1.175638483394455	0.45
196	5	147	307	4.15846	0.10625907003485471	0.45
197	5	148	318	7.79632	1.7418175112055743	0.45
198	5	149	41	8.873579999999999	2.8067776099112063	0.45
199	5	149	151	6.7311	0.6446510549759134	0.45
200	5	150	433	8.25022	5.129136590501962	0.45
201	5	151	27	7.35796	0.4588124852141272	0.45
202	5	151	41	7.16694	0.1858385697618349	0.45
203	5	152	153	5.4285	0.1440362833281512	0.45
204	5	153	294	5.48486	0.3172088413206783	0.45
205	5	154	134	5.1776	0.1731725579925236	0.45
206	5	154	152	5.4285	0.14403628332815566	0.45
207	5	155	38	7.5397	1.865303954454938	0.45
208	5	156	315	6.66146	1.741828805280423	0.45
209	5	157	259	5.60428	1.6817664868416338	0.45
210	5	158	50	6.2838199999999995	1.1581223130610285	0.45
211	5	158	280	6.463	0.7334075907794135	0.45
212	5	159	279	3.75492	0.039647042719080795	0.45
213	5	160	65	7.48768	2.632879116489875	0.45
214	5	161	381	6.54918	0.3975316880672722	0.45
215	5	162	209	8.10262	0.14605477921777069	0.45
216	5	162	210	4.7048000000000005	0.06983256945125188	0.45
217	5	163	210	4.38426	0.006903783120272157	0.45
218	5	164	24	5.88962	0.22595782211021703	0.45
219	5	165	166	3.26082	0.004721614048658982	0.45
220	5	166	164	3.26082	0.0047216140486589986	0.45
221	5	167	169	4.68454	0.10900384893295696	0.45
222	5	168	174	5.919980000000001	2.1143892620850204	0.45
223	5	169	49	4.68454	0.10900384893295696	0.45
224	5	170	171	5.15922	0.8179628331621439	0.45
225	5	171	53	4.330220000000001	0.2515856531959934	0.45
226	5	171	172	8.05176	0.5663771799661311	0.45
227	5	172	53	4.32622	0.2154431302663245	0.45
228	5	172	332	4.42476	0.35093404969986774	0.45
229	5	173	174	6.70168	2.407471602163314	0.45
230	5	174	17	7.48156	4.52186086424829	0.45
231	5	175	168	5.566339999999999	2.0053854131520423	0.45
232	5	175	306	9.246799999999999	0.12815094511515615	0.45
233	5	176	126	7.07338	2.782339365655153	0.45
234	5	177	127	7.2586	0.6528783150162633	0.45
235	5	178	115	6.9737599999999995	2.687107947532002	0.45
236	5	178	177	5.5142999999999995	0.18775715782908034	0.45
237	5	179	263	3.4795599999999998	0.04928675709053224	0.45
238	5	180	144	7.13828	0.06809977310429745	0.45
239	5	181	159	7.45764	0.018813016013736097	0.45
240	5	182	198	7.02538	0.09463378653958422	0.45
241	5	182	235	4.05854	0.28969150206840677	0.45
242	5	183	288	5.8334	0.8707489012234867	0.45
243	5	183	344	6.3435999999999995	0.576797691011247	0.45
244	5	184	252	5.1081	1.2876969693944145	0.45
245	5	185	47	7.22764	0.2464090569429951	0.45
246	5	186	117	7.22764	0.24640905694290818	0.45
247	5	186	184	6.05082	0.5943535979150866	0.45
248	5	187	107	7.70114	2.3062064477213498	0.45
249	5	188	187	7.09782	2.170975678548323	0.45
250	5	189	102	7.09782	2.1709756785483134	0.45
251	5	190	88	1.9369079999999999	3.471798747660752e-05	0.45
252	5	190	249	5.3052399999999995	0.020697950240644893	0.45
253	5	191	190	4.5826199999999995	0.020732668228124952	0.45
254	5	192	191	4.5826199999999995	0.02073266822812371	0.45
255	5	193	272	6.68188	0.4898023091507825	0.45
256	5	194	265	4.53078	0.6837894715864832	0.45
257	5	194	334	5.79894	0.0839485208855478	0.45
258	5	195	193	6.68188	0.4898023091507696	0.45
259	5	195	194	7.71904	0.7677379924720876	0.45
260	5	196	84	7.02538	0.0946337865395887	0.45
261	5	197	52	5.2274400000000005	1.490725690587356	0.45
262	5	197	95	4.428940000000001	0.808625130497172	0.45
263	5	198	196	7.02538	0.09463378653961355	0.45
264	5	199	219	6.29828	1.5104527720450758	0.45
265	5	200	199	5.64592	0.8808559071437299	0.45
266	5	201	222	6.947080000000001	1.7039468950858865	0.45
267	5	202	349	5.83018	0.2090336747850897	0.45
268	5	203	3	5.815099999999999	0.0658737247220359	0.45
269	5	203	42	5.83018	0.20903367478508772	0.45
270	5	204	419	6.488460000000001	0.29375640802847514	0.45
271	5	205	183	7.9566799999999995	0.19299277596405193	0.45
272	5	205	276	7.09098	0.7721408046158734	0.45
273	5	206	133	4.7233	1.0420625796418683	0.45
274	5	206	297	6.89424	0.9220990287142141	0.45
275	5	207	133	7.09098	0.7721408046158388	0.45
276	5	208	374	4.7651200000000005	0.1391509960974851	0.45
277	5	209	163	4.38426	0.0069037831202750375	0.45
278	5	209	208	4.7651200000000005	0.13915099609749504	0.45
279	5	210	264	6.7015199999999995	0.07673635257153995	0.45
280	5	211	286	7.13828	0.06809977310431782	0.45
281	5	212	67	6.68452	0.2764875257427403	0.45
282	5	213	233	4.69304	0.014315882374068617	0.45
283	5	213	236	6.94332	0.26535690024069214	0.45
284	5	214	242	7.78068	1.299849975816835	0.45
285	5	214	353	5.9998	0.3612546826746447	0.45
286	5	215	285	6.33242	1.5472288506941305	0.45
287	5	216	129	5.3200400000000005	1.9549473846704077	0.45
288	5	216	157	2.9267	0.021529785198385987	0.45
289	5	217	76	3.50958	0.00913572875100874	0.45
290	5	217	119	5.4557199999999995	0.7049157573571326	0.45
291	5	218	96	7.82426	1.1520760177049925	0.45
292	5	219	247	5.9836599999999995	2.8664667890923496	0.45
293	5	220	255	9.7903	0.09742402210307197	0.45
294	5	221	216	8.37812	1.976477169868816	0.45
295	5	221	293	6.39576	0.11824859537987058	0.45
296	5	222	189	7.09782	2.170975678548189	0.45
297	5	223	113	4.41722	0.038871050858833696	0.45
298	5	223	114	5.1962600000000005	0.07755539889484395	0.45
299	5	224	437	6.82658	2.1982673358781386	0.45
300	5	225	51	4.5826199999999995	0.02073266822812326	0.45
301	5	225	387	6.548979999999999	0.43459899005665753	0.45
302	5	226	199	6.17388	0.629596864901326	0.45
303	5	226	295	5.472	0.3709885372276167	0.45
304	5	227	56	7.16558	0.6007748940434625	0.45
305	5	228	314	1.9369079999999999	3.4717987476607374e-05	0.45
306	5	229	104	5.32566	0.5035975324245798	0.45
307	5	229	266	7.97242	2.8169957502924112	0.45
308	5	230	46	6.87468	4.138135027366036	0.45
309	5	230	211	7.13828	0.0680997731043059	0.45
310	5	231	173	6.70168	2.4074716021632594	0.45
311	5	232	114	7.84134	0.8347288186296385	0.45
312	5	233	340	4.69304	0.014315882374072391	0.45
313	5	234	356	5.3573	0.33443474092649383	0.45
314	5	234	357	5.48684	0.9371389032539581	0.45
315	5	235	148	6.37972	1.465329985462836	0.45
316	5	236	161	7.03692	0.27967278261478307	0.45
317	5	237	234	8.86256	1.2715736441804415	0.45
318	5	238	363	4.1203199999999995	0.2926750344234563	0.45
319	5	239	241	7.54024	3.5502509183056845	0.45
320	5	240	218	7.82426	1.1520760177050076	0.45
321	5	241	149	7.29958	3.45142866488721	0.45
322	5	241	326	7.09928	0.10778280830621675	0.45
323	5	242	177	7.665039999999999	0.4651211571871829	0.45
324	5	242	232	7.84134	0.8347288186296832	0.45
325	5	243	167	4.68454	0.10900384893295643	0.45
326	5	244	146	8.67986	0.17022845570784287	0.45
327	5	245	71	8.18414	0.5950981183960987	0.45
328	5	246	123	6.2537199999999995	0.0802627445883336	0.45
329	5	246	420	7.28968	0.649769884331431	0.45
330	5	247	18	7.52184	0.35835855372614694	0.45
331	5	247	142	8.0045	2.5081082353662203	0.45
332	5	248	315	4.7272799999999995	0.12347514917452036	0.45
333	5	248	324	7.0369	0.76696586061786	0.45
334	5	249	80	5.95234	0.25925560182018664	0.45
335	5	250	304	9.04438	0.2065118459431352	0.45
336	5	251	309	5.80756	1.184386712507432	0.45
337	5	252	160	4.26218	1.730949710021061	0.45
338	5	253	143	4.29624	0.29910322867827355	0.45
339	5	253	145	6.55912	1.9123639305459377	0.45
340	5	254	22	5.80756	1.1843867125074221	0.45
341	5	255	217	6.5559199999999995	0.7140514861081189	0.45
342	5	256	60	6.55876	0.6888099552082336	0.45
343	5	257	55	7.42762	2.1967766719053174	0.45
344	5	257	170	7.95348	0.09569284811839741	0.45
345	5	258	333	7.10372	0.2902256424281459	0.45
346	5	259	178	6.75608	2.8748651053610637	0.45
347	5	260	252	4.98686	0.44325274062666314	0.45
348	5	261	376	5.3752200000000006	1.890413647546408	0.45
349	5	261	377	5.40546	1.008191713619351	0.45
350	5	262	118	5.75952	0.15379531719927428	0.45
351	5	262	184	6.82058	0.6933433714793132	0.45
352	5	262	385	6.07748	1.301708674155788	0.45
353	5	263	59	7.10372	0.2902256424281702	0.45
354	5	264	213	6.12266	0.27967278261474626	0.45
355	5	264	291	4.43288	0.08477375371231265	0.45
356	5	265	229	6.73888	3.3205932827169713	0.45
357	5	266	170	7.58356	0.7222699850437136	0.45
358	5	266	221	6.00422	2.094725765248683	0.45
359	5	267	351	8.16772	0.8904410097924895	0.45
360	5	268	8	6.95406	1.899069170373612	0.45
361	5	269	303	6.95406	1.899069170373612	0.45
362	5	270	30	8.3239	0.8099239691322563	0.45
363	5	270	342	7.3754599999999995	0.15384883390370738	0.45
364	5	271	228	1.9369079999999999	3.471798747660757e-05	0.45
365	5	272	139	5.8502600000000005	1.3901791822530274	0.45
366	5	273	227	7.16558	0.6007748940434625	0.45
367	5	274	2	6.88862	0.20097777834550165	0.45
368	5	274	290	7.07854	0.4487921059859264	0.45
369	5	275	291	4.9002	0.021292090644922535	0.45
370	5	276	207	7.09098	0.7721408046158437	0.45
371	5	277	289	5.654739999999999	0.008496958624279509	0.45
372	5	277	317	6.80116	0.09756888573293872	0.45
373	5	278	250	6.434240000000001	0.03547529599114767	0.45
374	5	278	413	3.81678	0.02031809480016159	0.45
375	5	279	316	9.59966	0.1685218156895469	0.45
376	5	280	160	5.325	0.9019294064688189	0.45
377	5	281	92	6.20594	1.8979899916279306	0.45
378	5	281	261	6.17506	2.898605361165764	0.45
379	5	282	384	6.48714	1.301708674155843	0.45
380	5	283	372	8.93872	1.4925286957319706	0.45
381	5	283	373	7.73976	0.5905368806937787	0.45
382	5	284	214	5.96846	1.6611046584915292	0.45
383	5	285	183	5.49126	1.2545538162706726	0.45
384	5	285	238	4.1203199999999995	0.2926750344234563	0.45
385	5	286	180	7.13828	0.06809977310431382	0.45
386	5	287	231	4.1886	0.6106343903184915	0.45
387	5	287	272	5.48748	0.9003768731022943	0.45
388	5	288	253	6.40134	0.9653826877630689	0.45
389	5	289	323	6.23656	0.5789286198531486	0.45
390	5	289	375	5.35218	0.12699413591434883	0.45
391	5	290	112	4.4421	0.24752132048162492	0.45
392	5	290	391	5.59832	0.20127078550429012	0.45
393	5	291	277	6.201460000000001	0.10606584435723862	0.45
394	5	292	154	7.9539800000000005	0.3172088413207185	0.45
395	5	292	294	6.0453600000000005	1.4570075020802733	0.45
396	5	293	4	6.39576	0.11824859537984822	0.45
397	5	294	239	6.1422	1.77421634340095	0.45
398	5	295	201	6.2725599999999995	0.3109165599227004	0.45
399	5	295	404	7.416359999999999	0.060071977304895934	0.45
400	5	296	338	5.11718	0.2892579848732854	0.45
401	5	297	32	3.76072	0.11081428203799201	0.45
402	5	297	342	6.106459999999999	0.8112847466761789	0.45
403	5	298	212	6.68452	0.27648752574275076	0.45
404	5	299	176	5.93762	1.4368871258066958	0.45
405	5	299	352	2.3617600000000003	0.0003472731808695737	0.45
406	5	300	424	6.1969199999999995	1.7968372118448026	0.45
407	5	301	90	7.5409	1.4831544149238085	0.45
408	5	301	411	5.3725	0.012904416968763844	0.45
409	5	302	128	4.913860000000001	0.025259602029761068	0.45
410	5	302	355	5.728199999999999	0.8904410097924051	0.45
411	5	303	31	7.09516	1.8943475563249652	0.45
412	5	303	98	3.26082	0.004721614048659052	0.45
413	5	304	215	5.8621799999999995	0.2929066682803689	0.45
414	5	305	331	6.85142	0.3678048883193679	0.45
415	5	306	289	8.00568	0.6974257971432278	0.45
416	5	307	105	6.68452	0.27648752574274976	0.45
417	5	308	64	8.67986	0.17022845570781855	0.45
418	5	309	369	6.093999999999999	0.9458290609278773	0.45
419	5	309	428	6.9201	0.23855765157954398	0.45
420	5	310	254	6.966200000000001	0.9289789251928978	0.45
421	5	311	89	6.98662	2.915971237460558	0.45
422	5	311	324	6.67516	1.3818815022165274	0.45
423	5	312	319	6.55876	0.6888099552082386	0.45
424	5	313	203	4.7014000000000005	0.2749073995071197	0.45
425	5	313	260	9.36718	0.4343487414126897	0.45
426	5	314	263	7.815999999999999	0.24093888533760838	0.45
427	5	315	155	7.5397	1.8653039544549284	0.45
428	5	316	280	9.59966	0.16852181568920163	0.45
429	5	317	58	7.6609	0.3814242267663882	0.45
430	5	317	380	4.53324	0.11367634703394097	0.45
431	5	318	5	7.31922	3.232543201792945	0.45
432	5	319	256	6.55876	0.6888099552082386	0.45
433	5	320	37	5.871499999999999	0.38959378012413315	0.45
434	5	321	86	6.160679999999999	0.5717023228938525	0.45
435	5	322	336	5.7547	0.7928942443772524	0.45
436	5	323	109	6.07848	0.5600796113317356	0.45
437	5	323	348	6.41272	0.01884900852142125	0.45
438	5	324	262	7.18786	2.1488473628343523	0.45
439	5	325	76	7.7903	0.046657662040238815	0.45
440	5	325	405	5.41004	0.2544801996099888	0.45
441	5	326	345	5.11306	0.6943981527374754	0.45
442	5	327	225	4.68422	0.45533165828478306	0.45
443	5	328	39	6.70476	1.0639569653175547	0.45
444	5	328	337	6.6297999999999995	3.1299461323726203	0.45
445	5	329	72	5.9027	2.362100452461307	0.45
446	5	330	94	5.35426	0.7092561409197884	0.45
447	5	330	245	5.414560000000001	0.39127659221934286	0.45
448	5	331	326	8.83768	0.586615344431276	0.45
449	5	332	270	7.84202	0.9637728030359919	0.45
450	5	333	359	7.69926	0.4758797165836527	0.45
451	5	334	24	5.73352	1.9075785361568365	0.45
452	5	335	60	6.116619999999999	0.8072488766843118	0.45
453	5	335	386	5.06688	0.24090416735014183	0.45
454	5	336	116	5.7547	0.7928942443772427	0.45
455	5	337	4	7.6288599999999995	3.1150977694191506	0.45
456	5	337	75	6.41434	0.014848362953471786	0.45
457	5	338	100	5.11718	0.28925798487328686	0.45
458	5	339	62	5.871499999999999	0.38959378012418244	0.45
459	5	340	236	4.69304	0.014315882374045661	0.45
460	5	341	34	6.715879999999999	0.6358012473937221	0.45
461	5	341	206	6.458	1.9641616083560673	0.45
462	5	342	205	7.45702	0.9651335805798797	0.45
463	5	343	322	5.864199999999999	0.4203740168249335	0.45
464	5	344	131	6.3435999999999995	0.5767976910112519	0.45
465	5	345	237	8.86256	1.2715736441804466	0.45
466	5	346	327	4.76156	0.31562606377798863	0.45
467	5	347	282	7.09992	0.7438948693011228	0.45
468	5	348	204	6.6635	0.08472273324339391	0.45
469	5	349	204	5.83018	0.20903367478509022	0.45
470	5	350	248	8.16772	0.890441009792395	0.45
471	5	351	40	8.16772	0.8904410097924598	0.45
472	5	352	284	5.96846	1.6611046584915143	0.45
473	5	353	395	5.9998	0.36125468267464667	0.45
474	5	354	267	6.44048	0.11819095486613364	0.45
475	5	355	267	7.65904	0.7722500549263683	0.45
476	5	355	354	6.44048	0.11819095486610628	0.45
477	5	356	73	6.2736	0.4119473917128383	0.45
478	5	357	41	7.61396	0.9000613640124054	0.45
479	5	357	439	3.4269000000000003	0.037077539241557385	0.45
480	5	358	331	7.31202	0.21881045611191705	0.45
481	5	358	333	6.50236	0.18565407415557786	0.45
482	5	359	14	7.69926	0.47587971658367456	0.45
483	5	360	116	5.35718	0.038060883757550054	0.45
484	5	361	1	7.523420000000001	1.1930986185194952	0.45
485	5	362	63	7.39702	1.8142033842577465	0.45
486	5	363	182	5.775239999999999	0.38432528860800885	0.45
487	5	364	365	5.7449200000000005	0.016246235269291896	0.45
488	5	365	391	6.2511399999999995	0.17311780846980257	0.45
489	5	366	254	8.67516	0.2554077873145382	0.45
490	5	367	66	9.3134	0.8990339219966648	0.45
491	5	368	241	3.88368	0.008960554887717603	0.45
492	5	369	43	3.88368	0.0089605548877179	0.45
493	5	369	124	8.6076	0.9368685060401869	0.45
494	5	370	296	7.1667000000000005	0.26142214369041256	0.45
495	5	370	371	7.971419999999999	0.39353501107254596	0.45
496	5	371	81	8.21704	0.3656991698896712	0.45
497	5	371	296	5.0758	0.0278358411828738	0.45
498	5	372	388	6.42368	1.4185888145460266	0.45
499	5	372	409	3.97142	0.07393988118588814	0.45
500	5	373	48	5.12564	0.39662557408436255	0.45
501	5	373	412	5.26314	0.19391130660943212	0.45
502	5	374	161	5.68714	0.11785890545254227	0.45
503	5	374	275	4.9002	0.0212920906449207	0.45
504	5	375	380	6.26316	0.18706611321913447	0.45
505	5	376	13	6.55552	1.7479346089199985	0.45
506	5	376	382	5.41618	0.14247903862642483	0.45
507	5	377	77	5.78372	1.5173876432271527	0.45
508	5	378	13	5.14978	0.5445349111037144	0.45
509	5	379	257	7.32512	2.2924695200236784	0.45
510	5	380	415	7.9040799999999996	0.3007424602529736	0.45
511	5	381	317	6.54918	0.39753168806731987	0.45
512	5	382	383	4.13226	0.3363903452358505	0.45
513	5	383	70	4.13226	0.3363903452358505	0.45
514	5	384	135	6.48714	1.3017086741558677	0.45
515	5	385	282	5.49172	0.5578138048547251	0.45
516	5	385	347	7.09992	0.7438948693011278	0.45
517	5	386	314	5.06688	0.24090416735013145	0.45
518	5	387	335	8.015460000000001	1.0481530440342772	0.45
519	5	388	62	6.41388	0.6454924363411073	0.45
520	5	388	400	5.27412	0.7730963782048895	0.45
521	5	389	435	7.65076	3.1536736633522393	0.45
522	5	390	377	7.937079999999999	0.5091959296078018	0.45
523	5	390	378	5.35786	0.4705950299178298	0.45
524	5	391	44	6.05036	0.37438859397409613	0.45
525	5	392	245	4.36302	0.2038215261767405	0.45
526	5	392	306	6.390359999999999	0.5692748520281541	0.45
527	5	393	14	5.7677	0.10129577485926729	0.45
528	5	393	305	8.178780000000001	0.15795982696091937	0.45
529	5	394	75	6.47218	0.6664885990078925	0.45
530	5	394	421	6.490880000000001	0.9797909595255576	0.45
531	5	395	434	4.71678	0.5522272941129424	0.45
532	5	397	68	6.47298	0.30074246025299495	0.45
533	5	401	78	4.85198	0.2937564080284667	0.45
534	5	402	274	6.551399999999999	0.649769884331431	0.45
535	5	403	390	6.72156	0.9797909595255724	0.45
536	5	406	231	6.80052	1.7968372118448221	0.45
537	5	407	15	4.22278	0.028235258897166503	0.45
538	5	408	35	4.8728	0.04076438684447852	0.45
539	5	410	249	6.55258	0.2385576515795444	0.45
540	5	414	111	6.193639999999999	0.6143095916259415	0.45
541	5	416	10	5.8167	2.1672670279073136	0.45
542	5	417	356	4.4943	0.07751265078633891	0.45
543	5	418	392	5.243799999999999	0.7730963782048946	0.45
544	5	422	375	3.36148	0.060071977304884006	0.45
545	5	423	18	5.86474	0.25448019960999824	0.45
546	5	427	378	5.63696	0.07393988118588415	0.45
547	5	429	364	4.2856000000000005	0.012904416968765332	0.45
548	5	430	382	4.6977	0.1939113066094232	0.45
549	5	431	142	5.712	0.020318094800160152	0.45
550	5	441	281	7.38464	4.7965953527936644	0.45
551	5	442	82	7.921360000000001	3.0811703168941866	0.45
552	5	443	9	5.82808	2.798355576238363	0.45
553	5	444	283	5.488919999999999	2.083065576425655	0.45
554	5	445	328	7.59228	4.19390309769024	0.45
555	5	446	92	2.6226800000000003	0.0010791787456337733	0.45
556	5	447	48	4.50272	0.7758516428529469	0.45
557	5	448	265	6.17926	2.636803811130488	0.45
558	5	449	287	6.05762	1.511011263420741	0.45
449	total number of nodes
name	x	y	z
1	212.53400000000002	170.02	188.278
2	70.62519999999999	362.471	315.597
3	368.33200000000005	231.263	158.351
4	261.485	214.373	121.045
5	49.268299999999996	118.806	316.506
6	62.71470000000001	188.081	192.461
7	335.181	16.577	148.71400000000003
8	109.373	225.946	11.559000000000001
9	349.178	363.5	2.46412
10	351.009	299.849	302.21099999999996
11	6.56316	179.459	352.26300000000003
12	222.927	130.27700000000002	250.189
13	47.8065	332.079	70.21730000000001
14	298.38100000000003	123.644	262.278
15	129.50799999999998	46.9181	206.12300000000002
16	12.5934	96.4791	145.244
17	277.183	55.549800000000005	69.4343
18	26.2067	354.915	208.128
19	218.213	367.072	343.21299999999997
20	171.505	264.26899999999995	179.821
21	147.566	120.501	20.0536
22	281.77299999999997	313.068	166.737
23	227.178	296.3	96.1615
24	157.693	165.974	15.531300000000002
25	98.0416	76.4795	56.1146
26	211.535	4.63953	311.61699999999996
27	311.444	145.702	364.69300000000004
28	346.801	206.175	94.8212
29	71.96039999999999	92.4311	173.23
30	20.956200000000003	256.249	213.409
31	65.0567	190.28	22.173099999999998
32	25.177400000000002	253.37	251.973
33	339.013	358.503	204.553
34	71.742	172.06900000000002	226.88799999999998
35	77.2399	53.483799999999995	302.422
36	183.51500000000001	268.37399999999997	90.1577
37	200.073	73.78259999999999	9.18512
38	177.786	256.51899999999995	148.546
39	290.784	287.557	52.9791
40	149.35799999999998	198.118	116.113
41	298.48199999999997	204.47299999999998	361.92499999999995
42	334.954	178.617	146.642
43	278.578	286.563	255.651
44	199.95899999999997	373.875	342.52799999999996
45	314.006	123.55600000000001	330.48
46	225.26299999999998	200.583	312.193
47	223.422	151.765	186.005
48	61.43920000000001	55.220499999999994	16.456999999999997
49	280.71599999999995	26.407500000000002	49.3816
50	186.668	65.6031	260.178
51	259.569	25.6718	245.278
52	96.7116	144.454	310.88300000000004
53	95.9635	288.006	120.46300000000001
54	284.213	356.03700000000003	374.762
55	25.2545	286.308	139.766
56	146.268	78.2848	66.9473
57	281.41700000000003	8.1896	150.849
58	331.19300000000004	169.295	96.7095
59	255.831	130.495	229.546
60	169.63500000000002	17.5832	288.975
61	94.3548	352.121	318.56
62	50.8294	8.30454	107.293
63	92.27420000000001	174.32799999999997	278.211
64	170.667	132.01500000000001	237.29999999999998
65	240.01999999999998	292.442	350.27099999999996
66	199.97799999999998	347.711	173.218
67	110.573	80.3165	258.15000000000003
68	29.7404	131.82999999999998	107.87400000000001
69	135.67700000000002	84.36840000000001	163.857
70	120.99000000000001	342.7	82.586
71	321.78499999999997	6.375030000000001	35.788199999999996
72	206.68	127.384	356.12600000000003
73	300.363	150.48000000000002	323.513
74	326.387	315.12	156.157
75	274.821	368.337	54.593399999999995
76	65.41499999999999	99.1834	238.605
77	171.426	369.007	89.3492
78	27.6093	170.65599999999998	191.148
79	201.696	195.327	104.359
80	369.13	9.16282	328.93899999999996
81	267.447	153.149	360.353
82	239.82	147.868	18.604300000000002
83	140.106	372.837	110.28
84	137.34199999999998	154.70600000000002	272.197
85	254.417	348.118	365.869
86	50.1812	58.0548	99.7128
87	25.3253	183.432	137.87099999999998
88	277.676	30.0722	258.954
89	193.18699999999998	190.199	146.85
90	117.52	22.4408	307.717
91	367.431	249.892	153.254
92	110.284	302.722	15.9052
93	29.4815	38.9974	205.3
94	303.774	219.113	82.7205
95	30.244300000000003	187.347	331.555
96	325.512	268.172	83.2758
97	248.898	354.14700000000005	368.54900000000004
98	119.047	168.547	37.3821
99	139.812	53.977999999999994	178.064
100	134.50199999999998	46.1077	351.187
101	150.576	308.567	76.7593
102	43.3462	191.143	116.367
103	306.14200000000005	135.48600000000002	100.27499999999999
104	371.442	153.38400000000001	16.983800000000002
105	108.10499999999999	113.649	286.889
106	289.75	309.125	287.296
107	20.8651	181.503	128.42100000000002
108	202.23	222.54999999999998	250.78600000000003
109	330.967	73.2611	154.85299999999998
110	175.34199999999998	230.597	256.48499999999996
111	360.972	75.4733	232.624
112	44.5231	242.83599999999998	366.546
113	283.961	357.582	373.956
114	283.33	356.176	371.296
115	284.50300000000004	345.782	372.61
116	230.39499999999998	149.009	172.193
117	221.517	133.308	181.79
118	227.64399999999998	153.182	191.351
119	70.4728	141.764	223.607
120	86.0885	187.069	222.154
121	75.0204	163.852	234.095
122	280.872	323.584	303.576
123	296.697	303.77799999999996	284.005
124	288.07700000000006	302.62600000000003	283.19800000000004
125	287.602	346.71099999999996	373.229
126	288.82	343.14300000000003	368.69300000000004
127	258.87600000000003	348.665	364.626
128	195.506	180.90099999999998	98.44900000000001
129	209.589	196.73499999999999	109.943
130	194.344	181.655	102.80199999999999
131	96.1669	170.96599999999998	292.912
132	94.25399999999999	171.192	277.843
133	75.92930000000001	188.142	259.81600000000003
134	179.297	249.12300000000002	275.078
135	175.465	215.45000000000002	244.02700000000002
136	176.32999999999998	223.815	236.495
137	191.5	64.8781	15.852999999999998
138	200.064	73.57600000000001	9.78599
139	200.15300000000002	85.1117	22.3619
140	28.6246	248.953	229.573
141	18.8938	251.766	208.907
142	19.3891	266.004	198.35999999999999
143	202.16	149.99499999999998	230.864
144	226.045	129.995	259.875
145	225.236	129.273	250.98600000000002
146	116.67099999999999	106.099	275.308
147	113.651	119.25200000000001	283.759
148	132.41899999999998	124.358	292.933
149	297.011	210.244	366.019
150	284.64099999999996	193.254	359.406
151	304.539	207.529	365.579
152	170.584	260.62399999999997	262.69800000000004
153	170.239	244.171	280.277
154	175.182	246.63000000000002	263.299
155	183.84799999999998	203.973	140.055
156	184.46	186.547	146.263
157	202.418	180.77800000000002	142.745
158	212.127	112.774	254.82800000000003
159	221.165	132.55100000000002	250.432
160	219.691	120.173	231.463
161	359.34999999999997	133.683	42.0355
162	371.64	161.352	23.0375
163	357.003	168.551	19.4333
164	153.158	164.20000000000002	19.142599999999998
165	137.62	163.144	25.2038
166	153.798	164.78799999999998	22.5919
167	280.89500000000004	16.4683	41.4429
168	283.367	30.0705	52.8253
169	279.284	22.9967	49.2977
170	77.941	302.31	118.075
171	83.5931	294.26300000000003	118.146
172	87.2975	297.72799999999995	128.518
173	275.769	29.5943	55.4689
174	280.421	29.0626	57.5501
175	300.70500000000004	45.586800000000004	49.8724
176	283.495	333.658	360.57
177	272.513	352.465	362.214
178	273.44	342.16200000000003	372.104
179	235.25900000000001	127.477	254.76600000000002
180	225.563	136.491	263.697
181	222.49699999999999	133.723	256.73699999999997
182	102.007	155.25900000000001	275.762
183	102.15299999999999	174.84400000000002	274.393
184	218.67499999999998	122.79200000000002	203.117
185	218.248	134.94	179.403
186	224.375	127.56200000000001	200.119
187	33.0357	186.11100000000002	108.348
188	40.563199999999995	188.527	111.863
189	40.9638	196.975	119.846
190	283.74	25.7394	260.645
191	278.837	19.8245	262.8
192	268.07099999999997	17.107100000000003	262.59
193	231.86100000000002	134.448	22.9981
194	230.568	150.069	30.3133
195	239.63	146.404	22.3741
196	118.925	158.586	271.524
197	82.3291	168.422	296.534
198	110.764	161.227	270.09700000000004
199	65.3116	185.183	30.871799999999997
200	66.5431	191.821	29.7877
201	36.7425	202.732	22.2331
202	340.789	173.82500000000002	150.369
203	346.11499999999995	189.184	136.844
204	349.87	157.977	172.953
205	87.5829	198.283	266.998
206	69.4652	201.675	242.222
207	68.5517	191.91	264.96000000000004
208	360.901	154.882	26.429599999999997
209	363.712	166.643	24.140800000000002
210	372.727	165.00799999999998	19.3124
211	228.403	181.309	302.14
212	110.233	107.116	250.017
213	372.314	122.581	23.4498
214	304.596	336.907	337.444
215	65.6471	164.685	233.775
216	212.947	186.75199999999998	120.536
217	69.7841	125.32099999999998	221.827
218	352.395	296.279	74.4056
219	34.5078	263.114	160.11
220	124.098	79.5716	206.881
221	235.662	169.271	109.77499999999999
222	36.6975	200.342	117.321
223	273.262	361.449	373.413
224	227.634	300.012	361.50800000000004
225	217.48700000000002	30.407	232.16799999999998
226	51.8849	153.895	18.0542
227	123.02900000000001	80.93900000000001	73.79400000000001
228	267.025	56.8203	257.106
229	239.428	142.417	63.7712
230	217.546	198.503	304.15900000000005
231	249.542	51.7611	25.951900000000002
232	290.048	364.353	329.764
233	359.593	103.882	17.5254
234	300.342	191.70999999999998	324.306
235	116.42999999999999	132.987	288.461
236	359.92400000000004	111.307	39.1214
237	300.532	174.50300000000001	295.571
238	80.87219999999999	150.2	265.86699999999996
239	223.146	210.675	316.385
240	345.928	343.268	33.67400000000001
241	270.165	220.364	296.223
242	292.903	355.30899999999997	341.561
243	303.092	6.81245	49.099199999999996
244	135.381	116.282	262.837
245	341.353	26.1478	24.7449
246	327.80899999999997	320.127	293.075
247	28.6133	286.235	176.511
248	155.13500000000002	180.699	134.828
249	291.125	28.737	276.49499999999995
250	47.9446	122.244	213.783
251	313.682	344.656	219.09199999999998
252	214.489	122.76100000000001	220.22400000000002
253	206.177	165.083	249.59199999999998
254	253.503	301.23699999999997	164.83700000000002
255	93.2453	118.52300000000001	213.48100000000002
256	187.059	35.4437	318.791
257	66.0603	314.83299999999997	125.63
258	288.251	107.019	226.613
259	202.143	157.739	182.896
260	331.806	194.069	115.531
261	83.0727	331.303	20.5212
262	197.266	126.73400000000001	196.11100000000002
263	251.786	101.879	244.185
264	364.17900000000003	140.68300000000002	3.4056200000000003
265	244.80299999999997	152.336	39.8151
266	238.57	151.418	100.46300000000001
267	143.978	198.968	94.9763
268	110.94099999999999	279.492	20.7815
269	106.758	200.61100000000002	5.77336
270	33.2028	270.63800000000003	215.853
271	277.617	48.9369	259.648
272	218.17700000000002	103.957	16.4145
273	104.937	59.1948	71.27499999999999
274	60.2939	345.644	334.543
275	343.51500000000004	141.501	18.1923
276	79.8957	203.556	269.536
277	338.88800000000003	139.816	46.121
278	52.556999999999995	107.042	250.269
279	208.364	130.50400000000002	246.38699999999997
280	213.089	111.799	247.755
281	88.3075	299.168	3.76071
282	196.492	166.61399999999998	211.545
283	62.623	13.407	25.2343
284	304.627	337.826	332.747
285	75.18830000000001	157.952	259.12199999999996
286	250.91000000000003	138.33599999999998	291.363
287	237.435	94.00210000000001	16.7012
288	146.095	153.174	273.05400000000003
289	351.29999999999995	108.704	73.4097
290	52.0289	332.183	349.7
291	341.432	140.923	4.48529
292	182.605	243.195	261.523
293	249.779	197.791	127.89
294	179.085	236.69500000000002	271.782
295	3.47346	159.343	2.97214
296	189.745	87.92030000000001	339.959
297	62.86370000000001	255.064	253.798
298	97.57509999999999	118.888	267.004
299	308.01599999999996	294.002	326.75100000000003
300	271.851	317.542	56.5005
301	119.265	11.729199999999999	302.13
302	198.46800000000002	195.837	91.6766
303	107.15299999999999	186.673	8.69913
304	77.18100000000001	139.113	210.319
305	359.403	60.2719	229.15300000000002
306	308.993	48.3673	60.368300000000005
307	115.699	115.519	286.57
308	181.482	143.323	233.731
309	317.82	334.28499999999997	228.188
310	220.979	306.396	107.52900000000001
311	194.279	195.945	135.112
312	213.915	13.887699999999999	317.44899999999996
313	344.083	197.74800000000002	117.982
314	259.31	61.53529999999999	264.104
315	177.049	192.015	141.822
316	202.719	117.349	240.998
317	350.30100000000004	141.853	54.1961
318	89.5951	131.221	309.376
319	190.832	32.184999999999995	333.039
320	193.75300000000001	83.5711	10.9598
321	76.58239999999999	99.1001	69.9288
322	262.426	111.10199999999999	125.155
323	349.27200000000005	77.6808	160.25
324	172.712	147.332	143.683
325	67.34270000000001	81.9454	241.765
326	283.56399999999996	180.221	256.92
327	224.542	9.26957	157.065
328	286.21000000000004	255.46599999999998	47.859899999999996
329	203.684	177.657	335.468
330	314.122	247.41200000000003	115.082
331	342.764	125.763	224.566
332	44.293	360.29299999999995	186.42100000000002
333	302.758	100.14800000000001	239.249
334	214.14200000000002	172.673	25.2265
335	210.995	37.5848	265.892
336	226.203	125.644	145.14700000000002
337	264.361	266.995	31.4509
338	132.495	72.0203	372.394
339	142.689	4.0515	7.44723
340	355.464	105.45200000000001	29.035700000000002
341	62.0914	193.97500000000002	220.75099999999998
342	44.7634	254.377	297.939
343	292.967	98.2426	153.05599999999998
344	131.564	177.174	325.449
345	304.34499999999997	158.25400000000002	273.079
346	224.337	61.027699999999996	102.125
347	182.601	175.957	200.57899999999998
348	351.615	147.265	167.367
349	346.642	158.487	160.271
350	149.752	184.17999999999998	119.039
351	156.066	195.46599999999998	102.826
352	303.058	322.625	329.27500000000003
353	312.916	340.60699999999997	343.243
354	143.246	181.501	93.0853
355	154.792	210.27599999999998	91.4079
356	304.47999999999996	181.339	333.402
357	294.14300000000003	201.806	335.674
358	313.189	92.1196	234.30700000000002
359	305.137	109.396	245.08100000000002
360	242.672	152.688	174.644
361	222.68	153.724	179.191
362	86.01559999999999	176.66	269.366
363	96.5075	161.689	269.00399999999996
364	105.768	354.15799999999996	326.635
365	87.2383	338.88800000000003	317.053
366	203.751	344.452	187.466
367	193.66699999999997	357.706	174.392
368	268.614	294.984	244.437
369	281.1	298.375	267.506
370	206.78	115.20599999999999	346.11
371	207.43	122.242	340.971
372	53.5637	3.9977699999999996	32.2802
373	62.802699999999994	17.4362	13.5148
374	359.421	143.721	30.3612
375	365.589	127.747	55.1869
376	86.5886	338.94399999999996	28.1963
377	81.7234	339.702	7.56384
378	36.8316	342.499	60.004099999999994
379	52.1554	331.684	83.7257
380	361.61400000000003	136.93099999999998	58.0985
381	358.312	134.791	43.3645
382	95.685	348.13599999999997	23.0626
383	101.795	345.642	31.9766
384	193.702	177.558	219.30800000000002
385	184.571	156.95100000000002	209.375
386	221.83	43.0511	272.427
387	203.814	47.0633	255.68900000000002
388	0.0	0.0	0.0
389	0.0	0.0	371.25
390	0.0	371.25	0.0
391	0.0	371.25	371.25
392	371.25	0.0	0.0
393	371.25	0.0	371.25
394	371.25	371.25	0.0
395	371.25	371.25	371.25
396	0.0	98.2974	186.153
397	0.0	163.749	81.65259999999999
398	0.0	269.228	269.02000000000004
399	0.0	213.885	366.776
400	0.0	10.1435	33.700900000000004
401	0.0	143.25699999999998	187.264
402	0.0	298.286	306.68
403	0.0	363.361	12.7837
404	0.0	146.47299999999998	62.272800000000004
405	11.9869	0.0	206.994
406	228.57500000000002	0.0	25.3932
407	88.6246	0.0	196.465
408	24.3416	0.0	236.901
409	9.85234	0.0	71.62429999999999
410	336.41999999999996	0.0	274.736
411	94.41749999999999	0.0	272.873
412	68.6061	0.0	13.1647
413	18.663999999999998	0.0	211.988
414	375.0	98.2974	186.153
415	375.0	163.749	81.65259999999999
416	375.0	269.228	269.02000000000004
417	375.0	213.885	366.776
418	375.0	10.1435	33.700900000000004
419	375.0	143.25699999999998	187.264
420	375.0	298.286	306.68
421	375.0	363.361	12.7837
422	375.0	146.47299999999998	62.272800000000004
423	11.9869	375.0	206.994
424	228.57500000000002	375.0	25.3932
425	88.6246	375.0	196.465
426	24.3416	375.0	236.901
427	9.85234	375.0	71.62429999999999
428	336.41999999999996	375.0	274.736
429	94.41749999999999	375.0	272.873
430	68.6061	375.0	13.1647
431	18.663999999999998	375.0	211.988
432	85.4301	292.913	375.0
433	289.952	172.884	375.0
434	344.447	343.758	375.0
435	49.3238	0.08040810000000001	375.0
436	291.399	301.21500000000003	375.0
437	166.754	305.85299999999995	375.0
438	74.0811	32.3111	375.0
439	256.082	193.557	375.0
440	258.72999999999996	109.07300000000001	375.0
441	85.4301	292.913	0.0
442	289.952	172.884	0.0
443	344.447	343.758	0.0
444	49.3238	0.08040810000000001	0.0
445	291.399	301.21500000000003	0.0
446	166.754	305.85299999999995	0.0
447	74.0811	32.3111	0.0
448	256.082	193.557	0.0
449	258.72999999999996	109.07300000000001	0.0
27 total number of boundary nodes
node bctyp press/flow   HD    PO2    solute 3
397	2	2.0	0.45	50.	1.
401	2	2.0	0.45	50.	1.
402	2	2.0	0.45	50.	1.
403	2	2.0	0.45	50.	1.
406	2	2.0	0.45	50.	1.
407	2	2.0	0.45	50.	1.
408	2	2.0	0.45	50.	1.
410	2	2.0	0.45	50.	1.
414	2	2.0	0.45	50.	1.
416	2	2.0	0.45	50.	1.
417	2	2.0	0.45	50.	1.
418	2	2.0	0.45	50.	1.
422	2	2.0	0.45	50.	1.
423	2	2.0	0.45	50.	1.
427	2	2.0	0.45	50.	1.
429	2	2.0	0.45	50.	1.
430	2	2.0	0.45	50.	1.
431	2	2.0	0.45	50.	1.
441	2	2.0	0.45	50.	1.
442	2	2.0	0.45	50.	1.
443	2	2.0	0.45	50.	1.
444	2	2.0	0.45	50.	1.
445	2	2.0	0.45	50.	1.
446	2	2.0	0.45	50.	1.
447	2	2.0	0.45	50.	1.
448	2	2.0	0.45	50.	1.
449	2	2.0	0.45	50.	1.
