Brain network by Wahbi
375.0	375.0	375.0	box dimensions in microns
25	25	25	number of tissue points in x,y,z directions
100.	outer bound distance
100.	max. segment length
5	nodsegm, max. allowed number of segments per node
555	total number of segments
name	type	from	to	diam.	rel. flow	hem.
1	5	1	106	5.63738	1.2645435968265877	0.45
2	5	2	278	6.39576	0.062200923214958764	0.45
3	5	2	294	6.6022	0.08874048395477721	0.45
4	5	3	243	4.69304	0.026383548195613324	0.45
5	5	4	358	6.66898	0.25755951816554873	0.45
6	5	5	412	5.82808	0.32016836816570593	0.45
7	5	6	217	4.791060000000001	0.025875703312295082	0.45
8	5	7	227	7.6609	1.5459298461512956	0.45
9	5	8	189	5.83018	1.9547430245867834	0.45
10	5	9	242	7.5397	0.0005096302172748295	0.45
11	5	10	398	5.741820000000001	1.0559209292255851	0.45
12	5	10	419	5.8167	0.19745566750602603	0.45
13	5	11	6	4.791060000000001	0.025875703312295186	0.45
14	5	11	217	6.55552	0.31836518165075356	0.45
15	5	11	289	5.14978	1.262051818090325	0.45
16	5	11	302	7.32512	0.7617662968560035	0.45
17	5	12	160	7.95348	0.022515323187708	0.45
18	5	13	84	4.94726	0.12110544308441681	0.45
19	5	13	382	5.7677	0.8547449825855667	0.45
20	5	14	315	6.55876	0.043906298209191334	0.45
21	5	15	94	9.7903	0.46182493542337716	0.45
22	5	16	261	7.84262	0.6101328022317952	0.45
23	5	17	233	7.21652	0.6323052200279817	0.45
24	5	18	208	8.39514	1.9344850925558723	0.45
25	5	18	345	4.76156	0.22990385871151803	0.45
26	5	19	367	5.27948	0.2477669999140064	0.45
27	5	20	66	4.7066	0.044323896903049845	0.45
28	5	21	57	7.52184	1.662800996495019	0.45
29	5	22	256	6.98662	0.4448485762326458	0.45
30	5	23	9	7.5397	0.0005096302172686306	0.45
31	5	24	165	5.88962	0.9787923858892938	0.45
32	5	25	277	8.70016	0.8069156247268392	0.45
33	5	26	51	8.137599999999999	0.10188107985792691	0.45
34	5	27	82	6.2736	0.3660406269921288	0.45
35	5	27	150	7.04058	0.6472720007584709	0.45
36	5	28	4	6.1551	0.0998214196480616	0.45
37	5	29	36	7.073720000000001	1.311987282907057	0.45
38	5	30	239	7.1303	0.547300913607741	0.45
39	5	30	325	8.3239	1.3987256081140766	0.45
40	5	31	141	4.6038	0.42945521032954737	0.45
41	5	31	274	7.09516	1.9828704787220879	0.45
42	5	32	99	3.76072	0.05030059656556904	0.45
43	5	32	202	6.13664	1.67664033050938	0.45
44	5	33	436	6.715879999999999	1.7987908855662935	0.45
45	5	34	288	7.640300000000001	1.4992048331163728	0.45
46	5	34	356	5.54446	0.24716963352387397	0.45
47	5	35	122	5.7677	0.8547449825855511	0.45
48	5	36	305	8.06388	0.94992775904551	0.45
49	5	36	392	5.77216	0.3620595238615543	0.45
50	5	37	78	4.94726	0.12110544308441942	0.45
51	5	38	139	6.70476	0.24190474178248259	0.45
52	5	38	323	8.873579999999999	0.2965621827403102	0.45
53	5	39	313	6.4431199999999995	8.674329624173754e-05	0.45
54	5	40	59	7.16694	0.2575595181655021	0.45
55	5	40	95	7.61396	1.7139018519806335	0.45
56	5	41	353	6.2077800000000005	0.34875894407777713	0.45
57	5	42	152	5.0431	1.1487435625374103	0.45
58	5	43	205	4.69304	0.02638354819561369	0.45
59	5	44	178	6.0567400000000005	0.07512150637568954	0.45
60	5	45	347	4.1203199999999995	0.13385127034247657	0.45
61	5	46	61	5.12564	0.09326423913843943	0.45
62	5	47	181	6.1814800000000005	2.545669195062656	0.45
63	5	48	119	6.10656	0.6166423777429647	0.45
64	5	49	376	6.15482	2.2357464280974373	0.45
65	5	50	169	4.5826199999999995	0.1869601105096185	0.45
66	5	51	260	8.137599999999999	0.10188107985797971	0.45
67	5	52	112	7.06668	2.717706326463166	0.45
68	5	53	184	6.692279999999999	0.14926018596372517	0.45
69	5	53	321	6.27958	0.06816052800253873	0.45
70	5	54	172	6.68188	0.7837048608989028	0.45
71	5	55	114	8.268500000000001	1.9580343257724648	0.45
72	5	56	18	7.48156	2.164388951267383	0.45
73	5	56	221	7.5571	0.1838461484487824	0.45
74	5	57	138	5.278560000000001	1.6041711268713663	0.45
75	5	57	415	4.89358	0.05862986962364466	0.45
76	5	58	52	5.12296	1.1717764803118753	0.45
77	5	58	424	9.3134	1.251521608108505	0.45
78	5	59	28	6.1551	0.09982141964806211	0.45
79	5	59	262	7.31922	0.1577380985174452	0.45
80	5	60	359	10.26372	1.3727845157439087	0.45
81	5	61	389	6.66534	0.5132613508489674	0.45
82	5	62	368	8.18414	1.081632448725416	0.45
83	5	63	32	5.8178399999999995	1.726940927074918	0.45
84	5	63	228	5.87602	1.535056736285759	0.45
85	5	64	133	6.41434	0.5795417584978938	0.45
86	5	64	441	3.50958	0.02783501398086912	0.45
87	5	65	100	5.82544	0.20727207192722213	0.45
88	5	66	226	5.27948	0.2477669999140059	0.45
89	5	67	370	4.7066	0.04432389690304648	0.45
90	5	68	442	9.6419	3.7183843013295834	0.45
91	5	69	99	7.70114	0.010408043333460034	0.45
92	5	69	108	4.85198	1.5593099522935814	0.45
93	5	70	15	5.5953800000000005	0.0643923468498602	0.45
94	5	70	330	7.84262	0.6101328022317849	0.45
95	5	70	337	5.82544	0.20727207192722522	0.45
96	5	71	393	5.29202	0.43617272417798597	0.45
97	5	71	402	8.22868	0.5868262133750606	0.45
98	5	72	247	7.2586	3.6175639660435728	0.45
99	5	73	241	6.79844	0.850587073219627	0.45
100	5	74	329	5.414560000000001	0.9921494898403703	0.45
101	5	75	22	6.98662	0.44484857623265145	0.45
102	5	75	243	4.68332	0.6550635455450338	0.45
103	5	76	242	6.95406	0.0036266597701854054	0.45
104	5	76	333	6.20594	0.0005096302172258548	0.45
105	5	77	282	7.46894	0.4013592606248377	0.45
106	5	78	144	4.428940000000001	0.18387160269551747	0.45
107	5	79	292	5.93762	0.8690517622661168	0.45
108	5	80	130	5.11718	0.4339314646477784	0.45
109	5	80	131	7.37304	0.38202906530912106	0.45
110	5	81	82	5.32566	0.40742041912769567	0.45
111	5	81	251	6.08518	0.34700338600088976	0.45
112	5	82	423	7.283799999999999	0.7734610461198302	0.45
113	5	83	358	7.45702	0.947653018433783	0.45
114	5	84	37	4.94726	0.12110544308441681	0.45
115	5	85	237	6.1422	0.18893329116996424	0.45
116	5	86	398	6.07848	1.041712615636361	0.45
117	5	87	21	7.0099	1.0708633506623484	0.45
118	5	88	250	5.66716	1.8554225606496106	0.45
119	5	89	46	4.50272	0.011379623142814084	0.45
120	5	90	158	4.4421	0.10304032457894827	0.45
121	5	90	314	7.1265600000000004	0.4381438346736731	0.45
122	5	91	341	6.9707799999999995	1.0864766976419484	0.45
123	5	91	410	4.41722	0.513697080645694	0.45
124	5	92	72	7.921360000000001	1.3754293261407864	0.45
125	5	93	271	5.1962600000000005	1.1804195760889924	0.45
126	5	93	344	7.39118	3.970219328262853	0.45
127	5	94	29	4.634659999999999	0.08538683209249345	0.45
128	5	94	77	7.24718	0.37643810333089867	0.45
129	5	95	384	5.7547	2.300728065355689	0.45
130	5	96	11	7.398680000000001	2.3680589999093575	0.45
131	5	96	388	5.75952	0.9822741187929829	0.45
132	5	97	304	5.59832	0.5285040903547874	0.45
133	5	98	123	5.4557199999999995	0.25776667431791284	0.45
134	5	98	225	5.51126	0.3585583261447919	0.45
135	5	99	324	6.50056	0.060708639899025404	0.45
136	5	100	222	6.818420000000001	0.9204451987379523	0.45
137	5	101	338	6.85142	0.8222066554167515	0.45
138	5	102	231	6.548979999999999	0.3967147151900491	0.45
139	5	103	191	5.83018	1.9547430245868251	0.45
140	5	104	310	7.71904	1.422869309365359	0.45
141	5	105	378	6.9737599999999995	0.20269090560269415	0.45
142	5	106	148	6.35866	1.271886088553995	0.45
143	5	107	429	6.12866	0.16009319151000467	0.45
144	5	108	142	6.9421	3.077091264130656	0.45
145	5	109	150	7.39702	0.2590096800910634	0.45
146	5	110	72	7.1452800000000005	2.2421346399028126	0.45
147	5	111	296	7.09098	0.30083482511434534	0.45
148	5	111	364	5.46164	0.18010268996406173	0.45
149	5	112	309	6.48714	1.5401276382096079	0.45
150	5	112	361	6.708200000000001	1.1775786882535528	0.45
151	5	113	33	4.7695	0.43096228538005654	0.45
152	5	114	66	7.7903	0.203443103010959	0.45
153	5	114	234	5.8502600000000005	1.754591222761495	0.45
154	5	115	55	5.871499999999999	1.3102215579681376	0.45
155	5	115	128	6.32434	0.022332765184569406	0.45
156	5	116	126	6.55912	0.07155640153748058	0.45
157	5	117	98	7.2425	0.6163250004627016	0.45
158	5	117	364	4.29624	0.2718621031307113	0.45
159	5	118	187	5.11598	0.1646775846482035	0.45
160	5	119	332	8.67986	0.9249488187807574	0.45
161	5	120	219	7.13828	0.3331602777340572	0.45
162	5	120	308	7.45764	0.521584704851481	0.45
163	5	121	35	5.7677	0.8547449825855409	0.45
164	5	122	120	5.7677	0.8547449825855304	0.45
165	5	123	107	7.8897	0.03030614938235027	0.45
166	5	123	371	7.65748	0.22746052493555166	0.45
167	5	124	248	4.88524	0.028557130564396748	0.45
168	5	125	107	4.913860000000001	0.12978704212763836	0.45
169	5	125	124	4.88524	0.028557130564396748	0.45
170	5	126	55	6.41388	0.6478127678040837	0.45
171	5	127	126	6.8104000000000005	0.5762563662665968	0.45
172	5	128	109	6.3435999999999995	0.206794019146944	0.45
173	5	129	343	6.37972	0.7560222296705207	0.45
174	5	130	218	5.11718	0.43393146464777616	0.45
175	5	131	129	6.37972	0.7560222296704949	0.45
176	5	132	437	8.25022	4.519070639716007	0.45
177	5	133	132	6.7311	3.681844776718625	0.45
178	5	134	209	7.9539800000000005	2.493627950606404	0.45
179	5	135	154	5.775239999999999	0.11563466357004436	0.45
180	5	136	111	4.7233	0.48093751507842825	0.45
181	5	137	136	4.7233	0.4809375150784252	0.45
182	5	137	363	6.463	0.9258353942536874	0.45
183	5	138	30	7.37618	1.9460265217218229	0.45
184	5	139	138	3.75492	0.3418553948504703	0.45
185	5	140	323	7.84202	0.10087040583318863	0.45
186	5	141	325	5.325	0.1472042380371931	0.45
187	5	141	335	7.03692	0.28225097229234647	0.45
188	5	142	31	5.7412600000000005	2.4123256890516056	0.45
189	5	142	143	5.68714	0.6647655750790812	0.45
190	5	143	56	7.48768	2.348235099716129	0.45
191	5	143	308	8.10262	0.8836549516849601	0.45
192	5	144	254	4.7048000000000005	0.2585661701619102	0.45
193	5	145	180	5.919980000000001	0.054260809284916244	0.45
194	5	146	12	7.95348	0.02251532318759081	0.45
195	5	146	180	8.05176	0.6969580177667849	0.45
196	5	147	148	7.46894	0.40135926062484284	0.45
197	5	148	149	9.246799999999999	1.67324534917888	0.45
198	5	149	68	5.33022	2.542297111445007	0.45
199	5	150	86	6.33026	0.9062816808495481	0.45
200	5	151	42	6.87468	0.544330035744132	0.45
201	5	151	329	5.5142999999999995	0.690586073859677	0.45
202	5	152	27	7.35796	1.0133126277506082	0.45
203	5	152	86	4.22548	0.1354309347868085	0.45
204	5	153	154	6.75608	0.15502348680743686	0.45
205	5	153	369	4.05854	0.03017667473685905	0.45
206	5	154	119	6.83784	0.27065815037750035	0.45
207	5	155	135	5.775239999999999	0.11563466357003349	0.45
208	5	155	153	7.02538	0.18520016154431856	0.45
209	5	156	137	2.9267	0.0015332527956927015	0.45
210	5	156	314	7.9566799999999995	0.44365338633516455	0.45
211	5	157	90	6.193639999999999	0.5411841592526148	0.45
212	5	158	261	4.4421	0.10304032457895035	0.45
213	5	159	146	7.58356	0.1878921240510316	0.45
214	5	160	213	5.15922	0.03814124788201156	0.45
215	5	161	284	5.3752200000000006	0.04413723236408764	0.45
216	5	162	238	6.82058	0.3011476679645217	0.45
217	5	162	378	1.9369079999999999	2.7018061680735322e-05	0.45
218	5	163	105	6.1397200000000005	0.13113871901215834	0.45
219	5	164	340	8.6076	0.07155218659056999	0.45
220	5	165	167	5.88962	0.9787923858892318	0.45
221	5	166	49	5.88962	0.9787923858891542	0.45
222	5	167	166	5.88962	0.9787923858891542	0.45
223	5	168	170	4.5826199999999995	0.18696011050960454	0.45
224	5	169	175	5.3052399999999995	1.609829419874898	0.45
225	5	170	50	4.5826199999999995	0.1869601105096123	0.45
226	5	171	172	4.53078	2.062124982311018	0.45
227	5	171	259	8.21704	1.0229989375530453	0.45
228	5	172	173	5.2274400000000005	2.8458298432099576	0.45
229	5	173	143	6.54918	2.5671244763219923	0.45
230	5	173	381	5.64592	0.27870536688795866	0.45
231	5	174	175	7.21652	0.6323052200279455	0.45
232	5	175	110	7.1452800000000005	2.242134639902797	0.45
233	5	176	169	7.71904	1.4228693093653282	0.45
234	5	177	127	6.8104000000000005	0.5762563662666021	0.45
235	5	178	179	6.0567400000000005	0.07512150637569316	0.45
236	5	179	116	6.55912	0.07155640153756962	0.45
237	5	179	128	4.15846	0.003565104838157386	0.45
238	5	180	246	6.29828	0.7512188270516613	0.45
239	5	181	145	5.566339999999999	0.016119561402906404	0.45
240	5	181	290	6.17388	2.5295496336597334	0.45
241	5	182	145	5.15922	0.03814124788201238	0.45
242	5	183	266	6.947080000000001	0.22241446509592477	0.45
243	5	183	366	5.4285	1.039637352994379	0.45
244	5	184	199	6.2725599999999995	0.605919452703063	0.45
245	5	185	133	5.1776	2.062665665226357	0.45
246	5	186	188	5.11598	0.16467758464820403	0.45
247	5	187	48	5.11598	0.1646775846482154	0.45
248	5	188	118	5.11598	0.16467758464821025	0.45
249	5	189	190	5.83018	1.9547430245868194	0.45
250	5	190	103	5.83018	1.9547430245868405	0.45
251	5	191	224	7.12514	1.5177813118370485	0.45
252	5	191	374	4.7014000000000005	0.43696171274974643	0.45
253	5	192	89	4.50272	0.011379623142815896	0.45
254	5	192	193	6.6635	0.10431735256374415	0.45
255	5	193	194	6.6635	0.10431735256373173	0.45
256	5	194	317	6.6635	0.10431735256374002	0.45
257	5	195	197	6.89424	2.0646474710185343	0.45
258	5	196	268	6.458	1.1169944525848858	0.45
259	5	197	83	7.45702	0.9476530184337054	0.45
260	5	197	196	6.458	1.1169944525849016	0.45
261	5	198	200	5.14978	1.2620518180903197	0.45
262	5	199	132	7.29958	0.8372258629974082	0.45
263	5	200	183	5.14978	1.2620518180903144	0.45
264	5	201	307	5.83018	1.9547430245868145	0.45
265	5	202	201	4.7651200000000005	0.4196862883010555	0.45
266	5	202	203	5.819	1.2569540422082934	0.45
267	5	203	299	5.819	1.2569540422082883	0.45
268	5	204	43	4.69304	0.026383548195613376	0.45
269	5	205	3	4.69304	0.026383548195613483	0.45
270	5	206	60	6.94538	0.7565809307751125	0.45
271	5	206	352	4.69304	0.02638354819561317	0.45
272	5	207	113	4.7695	0.43096228538005654	0.45
273	5	208	134	5.48486	2.2787259775189117	0.45
274	5	209	185	5.1776	2.0626656652263464	0.45
275	5	209	280	4.7695	0.4309622853800576	0.45
276	5	210	211	6.12266	0.20269090560263206	0.45
277	5	211	212	6.12266	0.20269090560263356	0.45
278	5	212	163	6.1397200000000005	0.1311387190121345	0.45
279	5	212	164	8.6076	0.07155218659057413	0.45
280	5	213	182	5.15922	0.038141247882017615	0.45
281	5	214	147	7.46894	0.40135926062485583	0.45
282	5	215	235	6.82058	0.30114766796451603	0.45
283	5	216	253	7.78068	0.3998912108091985	0.45
284	5	217	208	6.94332	0.3442408849630372	0.45
285	5	218	223	5.11718	0.4339314646477799	0.45
286	5	219	257	7.13828	0.33316027773408574	0.45
287	5	220	97	5.59832	0.5285040903547874	0.45
288	5	221	249	5.9998	2.166716627170823	0.45
289	5	222	332	6.33242	0.7580089759589561	0.45
290	5	222	355	5.8621799999999995	0.16243622277899505	0.45
291	5	223	297	6.5559199999999995	1.5732042660655914	0.45
292	5	224	108	7.12514	1.5177813118370642	0.45
293	5	225	125	7.85976	0.1583441726920185	0.45
294	5	225	303	5.9836599999999995	0.20021415345278998	0.45
295	5	226	19	5.27948	0.247766999914009	0.45
296	5	227	52	7.6609	1.5459298461512854	0.45
297	5	228	201	5.87602	1.5350567362857697	0.45
298	5	229	87	5.864199999999999	0.3007326336700565	0.45
299	5	230	14	6.55876	0.04390629820919107	0.45
300	5	230	46	6.2838199999999995	0.08188461599562767	0.45
301	5	231	270	6.73888	1.413758514706571	0.45
302	5	232	47	4.330220000000001	0.32927660620857296	0.45
303	5	233	174	7.21652	0.6323052200279817	0.45
304	5	234	244	7.97242	1.6995092019340199	0.45
305	5	234	347	4.1886	0.055082020827482474	0.45
306	5	235	343	6.80052	0.5038655916288645	0.45
307	5	236	422	7.54024	0.21490197308749162	0.45
308	5	237	290	7.09928	0.06451868452378477	0.45
309	5	237	311	3.88368	0.12441460664617686	0.45
310	5	238	215	6.82058	0.3011476679645015	0.45
311	5	239	74	5.414560000000001	0.9921494898403703	0.45
312	5	240	198	5.14978	1.2620518180903197	0.45
313	5	241	47	4.32622	0.533434794114348	0.45
314	5	241	146	4.42476	0.31715227910528165	0.45
315	5	242	331	4.36302	0.0041362899874567115	0.45
316	5	243	360	7.28968	0.6814470937406495	0.45
317	5	244	10	6.766	1.2533765967316035	0.45
318	5	244	443	4.7272799999999995	0.44613260520242	0.45
319	5	245	168	4.5826199999999995	0.1869601105096009	0.45
320	5	245	395	7.0369	0.4600879687070545	0.45
321	5	246	311	5.95234	2.4339543907517034	0.45
322	5	247	326	9.04438	3.8224661523599157	0.45
323	5	248	372	4.88524	0.02855713056439618	0.45
324	5	249	345	4.98686	0.4203421605305914	0.45
325	5	249	400	6.40134	1.7463744666402274	0.45
326	5	250	79	5.93762	0.8690517622661168	0.45
327	5	250	318	5.80756	0.9863707983834988	0.45
328	5	251	192	6.488460000000001	0.11569697570657195	0.45
329	5	251	425	7.523420000000001	0.23130641029433124	0.45
330	5	252	29	7.19186	1.226600450814562	0.45
331	5	252	77	4.3041	0.024921157293922917	0.45
332	5	253	177	6.8104000000000005	0.5762563662666125	0.45
333	5	254	146	6.70168	0.2144289377978197	0.45
334	5	254	161	5.3752200000000006	0.044137232364090284	0.45
335	5	255	232	4.330220000000001	0.329276606208574	0.45
336	5	255	373	7.18786	0.41362536046983706	0.45
337	5	256	239	6.98662	0.44484857623262974	0.45
338	5	257	247	6.434240000000001	0.20490218631636134	0.45
339	5	257	327	5.50312	0.1282580914177218	0.45
340	5	258	265	4.65244	0.057974781648741536	0.45
341	5	259	71	8.21704	1.0229989375530453	0.45
342	5	260	61	6.966200000000001	0.3178787018492581	0.45
343	5	261	100	6.2537199999999995	0.7131731268107186	0.45
344	5	262	316	7.31922	0.15773809851751816	0.45
345	5	263	379	7.815999999999999	1.5276810555843257	0.45
346	5	263	380	4.43288	0.5345583958659442	0.45
347	5	264	186	5.11598	0.1646775846482087	0.45
348	5	265	26	4.65244	0.057974781648741536	0.45
349	5	266	365	6.17926	0.995875511215766	0.45
350	5	267	162	7.09782	0.30117468602620084	0.45
351	5	268	139	4.26218	0.09995065306842818	0.45
352	5	268	231	5.472	1.0170437995165076	0.45
353	5	269	223	8.37812	1.1392728014177997	0.45
354	5	269	349	7.84202	0.10087040583317983	0.45
355	5	270	354	7.3754599999999995	0.5977979847496189	0.45
356	5	270	357	5.8975800000000005	0.8159605299569213	0.45
357	5	271	54	6.68188	0.7837048608989235	0.45
358	5	271	102	6.548979999999999	0.3967147151900511	0.45
359	5	272	47	6.89162	1.6829577947397294	0.45
360	5	273	8	5.83018	1.9547430245867785	0.45
361	5	274	221	7.09516	1.9828704787220672	0.45
362	5	275	230	4.68422	0.021473561641037642	0.45
363	5	276	140	7.84202	0.10087040583321916	0.45
364	5	277	229	6.00422	0.1598675455101735	0.45
365	5	277	403	5.48748	0.6470480792166673	0.45
366	5	278	53	6.116619999999999	0.21742071396625662	0.45
367	5	279	131	7.79632	0.373993164361439	0.45
368	5	279	377	5.654739999999999	0.5038655916288416	0.45
369	5	280	207	4.7695	0.4309622853800591	0.45
370	5	281	295	6.551399999999999	0.8778587559902522	0.45
371	5	282	214	7.46894	0.40135926062482524	0.45
372	5	283	160	5.1081	0.015625924694199357	0.45
373	5	284	159	5.8334	0.028511307669889067	0.45
374	5	284	319	5.1081	0.015625924694199465	0.45
375	5	285	93	7.84134	5.15063890435184	0.45
376	5	285	263	7.10372	2.0622394514503113	0.45
377	5	286	264	5.11598	0.1646775846482087	0.45
378	5	286	387	6.80116	0.8175965341448002	0.45
379	5	287	21	5.86474	0.5919376458326758	0.45
380	5	288	115	8.0045	1.3325543231527097	0.45
381	5	288	216	5.96846	0.15272157728529087	0.45
382	5	288	355	7.38464	0.0139289326784092	0.45
383	5	289	240	5.14978	1.2620518180903197	0.45
384	5	290	439	7.09992	2.594068318183538	0.45
385	5	291	24	7.840280000000001	0.9115639319554063	0.45
386	5	291	195	6.89424	2.064647471018519	0.45
387	5	292	149	5.93762	0.8690517622661168	0.45
388	5	293	104	7.71904	1.422869309365354	0.45
389	5	294	368	8.93872	0.28619615146079397	0.45
390	5	295	279	6.551399999999999	0.8778587559902884	0.45
391	5	296	155	7.09098	0.3008348251143479	0.45
392	5	297	301	5.488919999999999	0.19777493992482623	0.45
393	5	297	339	7.921360000000001	1.3754293261407864	0.45
394	5	298	45	4.1203199999999995	0.13385127034247657	0.45
395	5	298	109	4.44206	0.05221566094411569	0.45
396	5	299	49	5.819	1.2569540422082883	0.45
397	5	300	144	3.26082	0.0746945674663927	0.45
398	5	300	255	5.40546	0.7429019666784035	0.45
399	5	301	335	8.00568	0.8176611494853484	0.45
400	5	302	328	7.32512	0.7617662968560035	0.45
401	5	303	298	6.05762	0.18606693128659485	0.45
402	5	303	369	5.35218	0.014147222166187638	0.45
403	5	304	40	6.77922	1.9714613701461399	0.45
404	5	305	91	6.939139999999999	1.600173778287642	0.45
405	5	306	80	5.8975800000000005	0.8159605299569263	0.45
406	5	307	273	5.83018	1.9547430245868305	0.45
407	5	308	137	5.60428	1.40523965653641	0.45
408	5	309	260	6.07748	0.21599762199124736	0.45
409	5	309	396	7.416359999999999	1.3241300162183434	0.45
410	5	310	176	7.71904	1.4228693093653386	0.45
411	5	311	440	7.1667000000000005	2.5583689973978827	0.45
412	5	312	65	5.82544	0.20727207192722163	0.45
413	5	313	23	6.4431199999999995	8.674329623519593e-05	0.45
414	5	314	70	8.29954	0.8817972210088518	0.45
415	5	315	26	6.55876	0.043906298209209035	0.45
416	5	316	4	7.31922	0.15773809851747678	0.45
417	5	317	230	6.6635	0.10431735256377313	0.45
418	5	318	156	5.49126	0.4451866391308653	0.45
419	5	318	157	6.193639999999999	0.5411841592526406	0.45
420	5	319	283	5.1081	0.015625924694202466	0.45
421	5	320	281	6.551399999999999	0.8778587559902832	0.45
422	5	320	383	7.71904	1.4228693093654472	0.45
423	5	321	184	5.815099999999999	0.45665926673941337	0.45
424	5	322	61	4.13226	0.10211840986126625	0.45
425	5	322	258	4.65244	0.057974781648742056	0.45
426	5	323	15	4.22278	0.39743258857352104	0.45
427	5	324	342	5.73352	0.06722845393390198	0.45
428	5	325	7	7.6609	1.5459298461512905	0.45
429	5	326	58	8.67516	2.4232980884203905	0.45
430	5	326	351	6.1969199999999995	1.3991680639395452	0.45
431	5	327	88	5.50312	0.1282580914177254	0.45
432	5	328	106	7.07338	0.007342491727400753	0.45
433	5	328	399	5.3725	0.7544238051285854	0.45
434	5	329	246	6.55258	1.6827355637000472	0.45
435	5	330	16	7.84262	0.6101328022318004	0.45
436	5	331	78	5.35526	0.06276615961109809	0.45
437	5	332	272	6.89162	1.682957794739724	0.45
438	5	333	23	7.30922	0.00042288692098697454	0.45
439	5	333	39	6.4431199999999995	8.674329623939377e-05	0.45
440	5	334	396	6.9201	1.156105126612512	0.45
441	5	335	75	7.5409	1.0999121217776888	0.45
442	5	336	362	4.68422	0.021473561641029103	0.45
443	5	337	346	5.82544	0.20727207192722985	0.45
444	5	338	390	5.78372	1.1760871898845762	0.45
445	5	339	92	7.921360000000001	1.3754293261407915	0.45
446	5	340	105	8.6076	0.07155218659054671	0.45
447	5	341	5	7.82426	0.26427004222521855	0.45
448	5	341	101	6.85142	0.8222066554167567	0.45
449	5	342	24	5.73352	0.0672284539338994	0.45
450	5	343	17	6.2211	0.019744614048466294	0.45
451	5	343	269	7.65904	1.240143207250907	0.45
452	5	344	96	6.40914	3.3503331187023306	0.45
453	5	344	301	6.23656	0.6198862095605332	0.45
454	5	345	426	6.390359999999999	0.6502460192421167	0.45
455	5	346	312	5.82544	0.20727207192722885	0.45
456	5	347	348	6.1422	0.18893329116995958	0.45
457	5	348	85	6.1422	0.18893329116997198	0.45
458	5	349	276	7.84202	0.10087040583318757	0.45
459	5	350	1	6.88862	0.9157846527487944	0.45
460	5	350	41	5.64644	0.2894278838505301	0.45
461	5	351	60	6.47298	0.6162035849688221	0.45
462	5	351	206	6.7015199999999995	0.7829644789707333	0.45
463	5	352	204	4.69304	0.02638354819561421	0.45
464	5	353	1	6.2077800000000005	0.34875894407778796	0.45
465	5	354	38	5.69784	0.5384669245223725	0.45
466	5	354	41	6.05036	0.05933106022724698	0.45
467	5	355	253	6.17506	0.176365155457414	0.45
468	5	356	216	5.54446	0.24716963352390817	0.45
469	5	357	306	5.8975800000000005	0.8159605299569213	0.45
470	5	358	350	6.093999999999999	1.2052125365993152	0.45
471	5	359	151	7.665039999999999	1.2349161096038141	0.45
472	5	359	236	5.3573	0.13786840614011486	0.45
473	5	360	42	5.9027	0.6044135267932681	0.45
474	5	360	236	5.48684	0.07703356694734982	0.45
475	5	361	334	6.9201	1.1561051266125066	0.45
476	5	361	336	4.68422	0.0214735616410305	0.45
477	5	362	275	4.68422	0.021473561641035158	0.45
478	5	363	117	5.712	0.8881871035934147	0.45
479	5	363	119	3.4795599999999998	0.03764829066027005	0.45
480	5	364	48	7.42762	0.45196479309472026	0.45
481	5	365	64	6.47218	0.607376772478755	0.45
482	5	365	321	5.0758	0.38849873873702473	0.45
483	5	366	133	5.4285	1.039637352994379	0.45
484	5	367	62	4.68454	0.5679353680797279	0.45
485	5	368	33	7.548039999999999	1.3678286001862419	0.45
486	5	369	67	4.7066	0.044323896903045445	0.45
487	5	370	20	4.7066	0.044323896903049484	0.45
488	5	371	44	7.22764	0.04656437581129475	0.45
489	5	371	128	6.68452	0.18089614912423452	0.45
490	5	372	44	4.88524	0.02855713056439618	0.45
491	5	373	73	5.78104	0.24413181059548436	0.45
492	5	373	374	5.35426	0.16949354987435167	0.45
493	5	374	73	8.66478	0.6064552626241272	0.45
494	5	375	229	6.82658	0.14086508815986382	0.45
495	5	375	287	3.81678	0.08335568696725623	0.45
496	5	376	88	6.44122	1.727164469231893	0.45
497	5	376	287	9.59966	0.5085819588655791	0.45
498	5	377	210	6.12266	0.20269090560263978	0.45
499	5	377	267	7.09782	0.30117468602622255	0.45
500	5	378	235	8.86256	0.2027179236643774	0.45
501	5	379	385	4.53324	0.7319574624993445	0.45
502	5	379	431	6.41272	0.7957235930849658	0.45
503	5	380	386	5.41004	0.1894083714097788	0.45
504	5	380	393	8.83768	0.34515002445615767	0.45
505	5	381	13	7.69926	0.9758504256699695	0.45
506	5	382	121	5.7677	0.8547449825855563	0.45
507	5	383	293	7.71904	1.4228693093653697	0.45
508	5	384	320	5.7547	2.3007280653557043	0.45
509	5	385	386	6.6297999999999995	0.5077366873722119	0.45
510	5	385	427	7.59228	0.224220775127118	0.45
511	5	386	381	5.11306	0.69714505878203	0.45
512	5	387	300	6.80116	0.8175965341448002	0.45
513	5	388	286	5.75952	0.9822741187929934	0.45
514	5	389	159	6.05082	0.15938081638113205	0.45
515	5	389	338	8.178780000000001	0.35388053446781365	0.45
516	5	390	68	5.78372	1.1760871898845762	0.45
517	5	391	25	7.16558	0.011192031641865984	0.45
518	5	391	87	6.87596	0.7701307169922899	0.45
519	5	392	5	6.09054	0.055898325940495625	0.45
520	5	392	416	6.50236	0.30616119792104995	0.45
521	5	393	432	8.015460000000001	0.7813227486341373	0.45
522	5	394	2	7.6288599999999995	0.15094140716973806	0.45
523	5	394	278	7.07854	0.15521979075130724	0.45
524	5	395	17	7.925720000000001	0.612560605979523	0.45
525	5	396	438	5.7449200000000005	2.480235142830871	0.45
526	5	397	76	2.6226800000000003	0.004136289987412047	0.45
527	5	397	220	5.59832	0.5285040903547874	0.45
528	5	398	435	6.2511399999999995	2.0976335448619357	0.45
529	5	401	294	7.73976	0.19745566750600899	0.45
530	5	404	134	6.66146	0.214901973087475	0.45
531	5	405	266	6.44048	0.7734610461198302	0.45
532	5	406	252	9.36718	1.2515216081084894	0.45
533	5	407	199	4.38426	0.23130641029432814	0.45
534	5	408	305	6.0453600000000005	0.6502460192421167	0.45
535	5	409	375	5.06688	0.22422077512712837	0.45
536	5	411	322	6.106459999999999	0.16009319151000365	0.45
537	5	413	25	6.160679999999999	0.7957235930849865	0.45
538	5	414	391	7.31202	0.7813227486341529	0.45
539	5	417	81	6.62086	0.7544238051285854	0.45
540	5	418	34	4.8728	1.7463744666402383	0.45
541	5	420	95	5.35718	0.5868262133750762	0.45
542	5	421	245	8.16772	0.6470480792166828	0.45
543	5	428	62	6.25162	0.5136970806456801	0.45
544	5	430	367	6.67516	0.3201683681657054	0.45
545	5	433	331	5.728199999999999	0.05862986962364	0.45
546	5	434	394	4.4943	0.30616119792105045	0.45
547	5	444	397	4.2856000000000005	0.5326403803421995	0.45
548	5	445	285	6.201460000000001	7.212878355802173	0.45
549	5	446	171	5.79894	3.0851239198640745	0.45
550	5	447	395	3.4269000000000003	0.152472637272468	0.45
551	5	448	324	2.3617600000000003	0.006519814034887862	0.45
552	5	449	291	5.49172	2.9762114029739197	0.45
553	5	450	69	5.3200400000000005	1.5697179956270506	0.45
554	5	451	63	7.80002	3.2619976633606926	0.45
555	5	452	304	4.9002	1.4429572797913575	0.45
452	total number of nodes
name	x	y	z
1	183.54999999999998	190.033	126.8
2	8.37669	361.786	354.211
3	339.381	245.79000000000002	181.437
4	273.038	235.654	69.3562
5	62.6813	17.058699999999998	373.917
6	21.246199999999998	176.316	245.59400000000002
7	272.125	84.32350000000001	163.013
8	6.846369999999999	171.017	121.70700000000001
9	252.458	363.647	68.0697
10	359.92400000000004	334.042	330.092
11	30.576600000000003	188.786	261.396
12	140.29999999999998	176.76700000000002	310.832
13	111.133	295.387	123.248
14	252.324	72.794	306.659
15	141.95200000000003	63.498799999999996	136.47299999999998
16	121.435	100.004	222.484
17	280.26599999999996	61.6544	2.20796
18	29.560499999999998	332.767	244.546
19	135.921	331.29600000000005	323.424
20	167.995	344.007	240.492
21	135.626	36.1066	48.733999999999995
22	284.434	286.546	233.997
23	225.72799999999998	337.61400000000003	81.1518
24	137.084	162.944	49.5631
25	16.5245	32.645	44.941599999999994
26	226.56099999999998	79.8833	291.121
27	361.077	220.36	314.438
28	299.82099999999997	227.154	109.317
29	32.5749	42.252900000000004	168.487
30	203.225	14.725999999999999	169.49599999999998
31	35.895500000000006	250.65699999999998	156.803
32	23.9231	127.56599999999999	83.9217
33	95.14160000000001	278.686	290.395
34	367.66799999999995	307.002	219.95700000000002
35	88.653	240.747	146.384
36	45.0789	15.330200000000001	259.97200000000004
37	146.926	350.844	95.4359
38	202.907	48.3291	112.94399999999999
39	235.09900000000002	352.719	140.592
40	367.68	269.21	45.5283
41	200.677	219.365	99.1151
42	353.13599999999997	238.81400000000002	291.628
43	374.15099999999995	189.91299999999998	194.396
44	293.733	336.749	284.843
45	238.083	262.863	327.039
46	251.23700000000002	24.175	362.695
47	134.372	198.418	327.566
48	154.779	241.105	217.48000000000002
49	94.9559	114.669	50.735800000000005
50	326.3	73.8515	51.459599999999995
51	242.427	58.6976	279.933
52	321.87399999999997	58.4587	225.729
53	9.44299	245.431	311.193
54	76.5657	271.62300000000005	67.0638
55	326.107	322.285	262.73900000000003
56	33.432300000000005	331.29999999999995	151.402
57	206.18099999999998	6.46697	98.6054
58	339.872	64.3032	220.15
59	343.06	248.60799999999998	84.8117
60	306.267	188.658	229.41199999999998
61	204.11499999999998	38.961400000000005	335.842
62	98.7379	339.182	293.764
63	7.30612	101.401	29.6504
64	12.504700000000001	221.27599999999998	295.802
65	228.7	159.50799999999998	219.39600000000002
66	183.453	315.746	269.728
67	181.008	365.81800000000004	224.407
68	57.1091	103.918	310.8
69	36.8005	220.27700000000002	90.3988
70	194.405	120.59400000000001	181.88899999999998
71	20.339	307.988	5.285959999999999
72	344.625	109.89699999999999	123.975
73	127.03000000000002	246.357	307.981
74	264.50399999999996	235.436	295.028
75	296.368	252.87600000000003	217.68300000000002
76	261.51800000000003	371.644	24.2026
77	58.578700000000005	76.6045	192.62
78	182.54999999999998	338.68499999999995	39.9217
79	97.44109999999999	144.582	234.264
80	230.483	175.509	77.1707
81	332.305	107.47200000000001	310.395
82	374.899	132.33700000000002	318.073
83	178.453	228.546	30.3886
84	131.088	321.881	115.374
85	230.24300000000002	203.124	347.96799999999996
86	373.18399999999997	258.926	321.92400000000004
87	80.6162	6.77156	10.1188
88	91.4945	171.90200000000002	178.74
89	285.7	100.94099999999999	358.94399999999996
90	143.573	160.041	201.635
91	54.9654	22.568199999999997	275.985
92	314.001	127.82200000000002	135.17600000000002
93	122.10000000000001	298.171	36.0449
94	98.7063	60.408300000000004	185.80800000000002
95	359.84	229.969	31.409599999999998
96	62.729299999999995	202.81300000000002	250.35299999999998
97	359.402	345.298	85.5668
98	196.88299999999998	314.52	340.356
99	54.5963	186.507	57.2032
100	197.531	119.151	244.873
101	131.881	37.0286	348.485
102	141.557	257.611	81.85300000000001
103	1.87767	179.37800000000001	169.50099999999998
104	362.20700000000005	146.34199999999998	48.9642
105	302.811	232.697	5.0860199999999995
106	45.550599999999996	113.776	255.157
107	233.182	332.42900000000003	332.703
108	29.0429	226.49599999999998	140.056
109	295.13100000000003	270.968	326.557
110	337.382	84.1168	103.542
111	146.358	250.61	195.007
112	314.914	24.6236	277.005
113	77.0082	258.302	285.344
114	325.855	323.831	263.545
115	325.225	322.425	259.273
116	326.39799999999997	312.03	264.89200000000005
117	161.752	238.34799999999998	203.668
118	152.874	222.647	213.265
119	159.001	242.521	222.826
120	87.38380000000001	210.44299999999998	143.10399999999998
121	102.999	255.747	141.65099999999998
122	91.9314	232.53	153.592
123	224.305	346.888	348.98299999999995
124	240.129	327.08200000000005	329.411
125	231.51000000000002	325.93	328.604
126	329.497	312.959	265.511
127	330.715	309.392	260.97499999999997
128	300.771	314.914	256.90799999999996
129	224.292	161.083	71.2609
130	238.376	176.918	82.75500000000001
131	223.13000000000002	161.837	75.61410000000001
132	16.3974	217.914	310.502
133	14.4845	218.14100000000002	295.433
134	28.8496	235.09099999999998	277.406
135	150.31300000000002	269.136	213.6
136	146.482	235.463	182.549
137	147.346	243.828	175.017
138	194.333	39.4247	119.61200000000001
139	202.89700000000002	48.1226	113.545
140	202.98700000000002	59.6583	99.7671
141	43.564	243.361	172.967
142	33.8331	246.17399999999998	152.29999999999998
143	34.3284	260.41200000000003	141.75400000000002
144	119.533	196.48499999999999	291.507
145	143.418	176.484	320.518
146	142.609	175.762	311.629
147	54.1161	106.226	243.576
148	51.0958	119.37899999999999	252.02800000000002
149	69.8642	124.48599999999999	261.201
150	351.66499999999996	244.585	295.722
151	339.29499999999996	227.595	289.10900000000004
152	359.193	241.86999999999998	295.282
153	141.6	280.636	201.22
154	141.255	264.18399999999997	218.79899999999998
155	146.198	266.642	201.821
156	134.234	173.815	194.84
157	134.847	156.389	201.04899999999998
158	152.804	150.62	197.53
159	129.5	159.264	315.471
160	138.538	179.041	311.075
161	137.064	166.662	292.106
162	314.904	212.99599999999998	30.137800000000002
163	303.00800000000004	240.665	11.1398
164	288.371	247.86399999999998	7.5355
165	132.549	161.171	53.1744
166	117.011	160.115	59.2356
167	133.189	161.75799999999998	56.6237
168	326.47900000000004	63.9124	43.5209
169	328.95	77.5145	54.9034
170	324.868	70.4408	51.375699999999995
171	58.543099999999995	285.927	64.6758
172	64.1953	277.88	64.7468
173	67.89959999999999	281.345	75.11919999999999
174	321.353	77.03840000000001	57.5469
175	326.004	76.5067	59.628099999999996
176	346.288	93.0309	51.9505
177	325.389	299.907	252.85200000000003
178	314.407	318.71299999999997	267.455
179	315.334	308.411	264.386
180	152.632	173.96699999999998	315.409
181	142.936	182.98000000000002	324.34
182	139.87	180.213	317.38
183	22.2374	202.20700000000002	293.352
184	3.18066	231.947	309.95000000000005
185	22.3832	221.792	291.98400000000004
186	150.03099999999998	212.131	234.59199999999998
187	149.605	224.279	210.87800000000001
188	155.732	216.901	231.594
189	12.1882	174.346	161.481
190	4.66063	176.762	164.997
191	4.26004	185.21	172.98
192	291.763	96.6083	360.635
193	286.86	90.6934	362.78999999999996
194	276.094	87.976	362.58
195	170.494	215.126	34.7824
196	169.20100000000002	230.747	42.0977
197	178.263	227.082	34.1584
198	39.155	205.534	289.114
199	2.55959	215.37	314.12399999999997
200	30.994500000000002	208.175	287.687
201	24.178	122.469	92.6204
202	25.4096	129.107	91.53630000000001
203	52.237300000000005	140.018	83.9817
204	368.316	185.11999999999998	198.123
205	362.99	200.47899999999998	184.598
206	359.235	169.272	220.707
207	40.5032	245.231	284.588
208	22.3855	248.62300000000002	259.812
209	21.472	238.858	282.55100000000004
210	313.747	234.195	14.5318
211	310.936	245.95599999999996	12.2431
212	304.096	244.32099999999997	7.4146
213	137.512	179.14499999999998	317.51300000000003
214	47.6786	107.244	218.285
215	303.683	201.89399999999998	11.552000000000001
216	346.491	303.155	229.726
217	18.567400000000003	211.633	251.36499999999998
218	241.734	166.935	93.3483
219	86.6951	193.99900000000002	141.32399999999998
220	332.52	373.405	76.6966
221	42.685599999999994	308.107	171.745
222	181.817	144.744	273.69
223	264.449	149.453	82.5865
224	15.85	188.576	170.45499999999998
225	221.24699999999999	321.822	345.21999999999997
226	171.066	323.316	280.964
227	279.793	63.1939	212.619
228	10.7513	91.1817	79.80279999999999
229	41.512	37.104499999999994	62.621100000000006
230	275.048	65.5274	357.096
231	178.061	223.095	75.5555
232	126.656	196.339	319.532
233	295.126	99.2051	28.03
234	331.942	330.601	283.658
235	315.147	183.19500000000002	5.62763
236	354.996	226.05100000000002	254.009
237	209.332	181.405	364.23199999999997
238	315.478	190.619	27.2236
239	264.673	259.46	267.087
240	33.7925	197.148	283.45799999999997
241	132.256	208.51100000000002	331.758
242	249.208	343.415	36.8598
243	324.819	254.704	225.926
244	334.798	321.55699999999996	289.009
245	348.675	54.256499999999996	51.1773
246	228.283	164.7	338.60900000000004
247	364.19300000000004	129.67	112.932
248	271.24199999999996	343.431	338.48199999999997
249	36.7911	331.22700000000003	188.147
250	105.521	150.541	189.613
251	299.148	99.6059	348.67600000000004
252	41.1083	99.6648	167.798
253	342.337	293.15500000000003	234.496
254	131.862	169.251	280.867
255	123.55	211.573	310.235
256	256.163	274.716	232.098
257	110.15599999999999	187.20100000000002	132.977
258	202.08499999999998	49.0792	298.295
259	46.662400000000005	298.449	72.2308
260	242.193	56.1695	270.99399999999997
261	152.53	127.58100000000002	237.682
262	343.673	273.382	103.633
263	94.8892	326.753	40.660900000000005
264	128.622	216.073	227.586
265	205.729	51.029300000000006	288.566
266	19.612299999999998	192.83	309.163
267	311.403	219.996	32.9782
268	183.435	233.014	51.5994
269	267.357	131.6	73.2751
270	195.297	220.215	77.97800000000001
271	122.758	274.942	40.9212
272	143.43599999999998	204.091	309.612
273	4.23116	145.68200000000002	115.92200000000001
274	48.1421	265.046	159.247
275	285.64	61.5811	359.63800000000003
276	221.011	78.50380000000001	93.8197
277	23.4204	15.360299999999999	60.102000000000004
278	18.708000000000002	344.959	373.157
279	331.133	220.814	6.29458
280	32.815999999999995	250.50400000000002	287.12600000000003
281	335.366	219.12900000000002	34.2232
282	45.7207	84.4629	204.284
283	125.73700000000001	176.993	307.03000000000003
284	130.462	158.289	308.39799999999997
285	100.12400000000001	294.618	23.900399999999998
286	113.866	213.104	272.188
287	96.1397	72.8551	59.513099999999994
288	346.522	304.075	225.029
289	28.1086	204.9	276.712
290	168.28300000000002	184.826	352.006
291	176.068	174.68	28.4856
292	83.5397	153.301	241.322
293	347.77799999999996	188.01700000000002	61.512
294	26.973000000000003	331.498	320.108
295	335.39099999999996	220.23600000000002	22.2417
296	153.621	263.208	200.04500000000002
297	278.566	177.97299999999998	100.702
298	271.987	285.113	347.553
299	59.1627	96.62910000000001	64.7207
300	110.09400000000001	206.893	291.814
301	77.803	249.47100000000003	197.192
302	17.805600000000002	165.83599999999998	284.594
303	251.44899999999998	317.306	372.15700000000004
304	348.748	299.196	49.0496
305	56.7103	11.8565	270.39799999999997
306	227.255	176.019	64.4885
307	4.6257600000000005	131.744	118.847
308	94.0919	207.791	129.816
309	313.34499999999997	9.422229999999999	273.534
310	354.577	95.81139999999999	62.4463
311	208.6	163.937	362.341
312	239.51500000000001	170.815	215.828
313	219.529	347.71	92.5195
314	144.666	165.787	189.898
315	228.941	89.1315	296.953
316	355.95	277.061	106.08399999999999
317	267.333	70.2424	364.09499999999997
318	127.436	161.857	196.608
319	120.092	163.839	301.641
320	346.779	221.166	42.298300000000005
321	2.32651	232.198	309.686
322	205.858	45.8205	312.543
323	196.586	58.1177	114.719
324	110.099	158.548	14.8185
325	216.369	60.251999999999995	169.536
326	366.147	88.97590000000001	208.004
327	108.262	165.292	163.504
328	20.262999999999998	128.894	259.355
329	292.929	191.516	304.674
330	155.899	98.60889999999999	188.54000000000002
331	217.578	334.779	35.9621
332	174.7	197.67	273.99
333	261.345	326.72499999999997	103.185
334	350.787	6.015210000000001	324.556
335	52.4708	257.315	198.057
336	310.781	28.195	311.431
337	242.928	152.855	167.135
338	128.368	84.0744	326.53499999999997
339	284.236	153.136	127.24399999999999
340	251.05700000000002	270.30199999999996	1.06015
341	100.334	33.8668	329.94399999999996
342	130.749	152.556	36.1276
343	256.85200000000003	152.896	31.1138
344	70.2692	238.968	232.387
345	61.67439999999999	323.055	217.435
346	224.324	187.582	184.531
347	224.465	225.59199999999998	323.462
348	221.71800000000002	204.743	333.722
349	269.921	108.472	104.203
350	199.512	244.635	120.076
351	360.98	158.56	215.121
352	356.007	169.78199999999998	208.025
353	201.072	205.427	102.041
354	207.38500000000002	216.713	85.8274
355	344.953	288.873	221.55800000000002
356	354.81	306.85499999999996	235.525
357	194.565	202.748	76.08709999999999
358	206.112	231.523	74.4096
359	359.134	215.68	263.105
360	348.79699999999997	236.147	265.377
361	321.21299999999997	20.166600000000003	306.488
362	313.161	37.4432	317.262
363	174.029	242.02800000000002	206.119
364	154.03699999999998	243.063	210.666
365	6.2461	223.608	286.957
366	16.738000000000003	208.637	286.595
367	110.151	341.219	301.839
368	91.6214	325.949	292.257
369	184.78099999999998	362.56	238.656
370	174.697	355.82300000000004	225.58100000000002
371	283.769	345.17	273.629
372	296.255	348.561	296.69800000000004
373	127.13000000000001	234.179	297.96500000000003
374	127.77900000000001	241.215	292.825
375	87.0804	63.4458	66.559
376	96.3194	76.8843	47.793600000000005
377	314.975	223.034	18.4634
378	321.14300000000003	207.06	43.2892
379	98.405	334.394	48.336
380	93.53989999999999	335.15200000000004	27.7036
381	100.158	305.807	113.034
382	115.482	294.993	136.756
383	358.09200000000004	216.244	46.2008
384	354.79	214.104	31.466800000000003
385	107.502	343.586	43.2023
386	113.612	341.092	52.1163
387	111.07600000000001	224.048	279.951
388	101.944	203.44	270.01800000000003
389	139.204	89.5408	333.07
390	121.187	93.553	316.332
391	0.0	0.0	0.0
392	0.0	0.0	371.25
393	0.0	371.25	0.0
394	0.0	371.25	371.25
395	371.25	0.0	0.0
396	371.25	0.0	371.25
397	371.25	371.25	0.0
398	371.25	371.25	371.25
399	0.0	82.99210000000001	285.15799999999996
400	0.0	309.799	209.915
401	0.0	282.807	328.604
402	0.0	252.16000000000003	36.6478
403	0.0	4.162839999999999	104.54599999999999
404	0.0	239.397	244.45199999999997
405	0.0	183.077	329.59200000000004
406	0.0	35.7915	161.63899999999998
407	0.0	158.286	349.825
408	108.221	0.0	199.855
409	108.61699999999999	0.0	45.4945
410	71.9551	0.0	275.198
411	240.101	0.0	314.951
412	76.4683	0.0	287.334
413	74.084	0.0	97.1032
414	40.733	0.0	64.1264
415	219.894	0.0	29.3314
416	25.2033	0.0	343.128
417	375.0	82.99210000000001	285.15799999999996
418	375.0	309.799	209.915
419	375.0	282.807	328.604
420	375.0	252.16000000000003	36.6478
421	375.0	4.162839999999999	104.54599999999999
422	375.0	239.397	244.45199999999997
423	375.0	183.077	329.59200000000004
424	375.0	35.7915	161.63899999999998
425	375.0	158.286	349.825
426	108.221	375.0	199.855
427	108.61699999999999	375.0	45.4945
428	71.9551	375.0	275.198
429	240.101	375.0	314.951
430	76.4683	375.0	287.334
431	74.084	375.0	97.1032
432	40.733	375.0	64.1264
433	219.894	375.0	29.3314
434	25.2033	375.0	343.128
435	335.78	371.629	375.0
436	66.5964	269.526	375.0
437	10.3405	260.343	375.0
438	362.047	52.1013	375.0
439	115.60799999999999	167.851	375.0
440	226.773	154.09199999999998	375.0
441	2.78355	241.121	375.0
442	10.3767	31.4991	375.0
443	358.06199999999995	341.76	375.0
444	335.78	371.629	0.0
445	66.5964	269.526	0.0
446	10.3405	260.343	0.0
447	362.047	52.1013	0.0
448	115.60799999999999	167.851	0.0
449	226.773	154.09199999999998	0.0
450	2.78355	241.121	0.0
451	10.3767	31.4991	0.0
452	358.06199999999995	341.76	0.0
27 total number of boundary nodes
node bctyp press/flow   HD    PO2    solute 3
401	2	2.0	0.45	50.	1.
404	2	2.0	0.45	50.	1.
405	2	2.0	0.45	50.	1.
406	2	2.0	0.45	50.	1.
407	2	2.0	0.45	50.	1.
408	2	2.0	0.45	50.	1.
409	2	2.0	0.45	50.	1.
411	2	2.0	0.45	50.	1.
413	2	2.0	0.45	50.	1.
414	2	2.0	0.45	50.	1.
417	2	2.0	0.45	50.	1.
418	2	2.0	0.45	50.	1.
420	2	2.0	0.45	50.	1.
421	2	2.0	0.45	50.	1.
428	2	2.0	0.45	50.	1.
430	2	2.0	0.45	50.	1.
433	2	2.0	0.45	50.	1.
434	2	2.0	0.45	50.	1.
444	2	2.0	0.45	50.	1.
445	2	2.0	0.45	50.	1.
446	2	2.0	0.45	50.	1.
447	2	2.0	0.45	50.	1.
448	2	2.0	0.45	50.	1.
449	2	2.0	0.45	50.	1.
450	2	2.0	0.45	50.	1.
451	2	2.0	0.45	50.	1.
452	2	2.0	0.45	50.	1.
