Brain network by Wahbi
375.0	375.0	375.0	box dimensions in microns
25	25	25	number of tissue points in x,y,z directions
100.	outer bound distance
100.	max. segment length
5	nodsegm, max. allowed number of segments per node
565	total number of segments
name	type	from	to	diam.	rel. flow	hem.
1	5	1	156	5.63738	0.09310494970248355	0.45
2	5	1	250	6.88862	0.2316182244231882	0.45
3	5	2	278	6.6022	0.16583149089984123	0.45
4	5	2	403	7.6288599999999995	0.004164128483606463	0.45
5	5	3	151	7.31922	2.7663801996093977	0.45
6	5	4	340	5.82808	2.047215782683773	0.45
7	5	5	91	6.766	0.23573710638030596	0.45
8	5	5	402	5.8167	0.3965327482554752	0.45
9	5	6	308	6.55552	2.1984316529990324	0.45
10	5	6	328	5.14978	0.13913546794654652	0.45
11	5	7	352	8.67516	2.026506979062564	0.45
12	5	8	271	4.94726	1.0524281823118715	0.45
13	5	8	273	7.69926	0.5689873740463166	0.45
14	5	9	242	4.65244	0.12308251122167481	0.45
15	5	10	44	4.330220000000001	0.027928522439626326	0.45
16	5	11	88	5.7677	0.7023447002312182	0.45
17	5	12	146	7.58356	0.41274448283345916	0.45
18	5	13	383	6.2725599999999995	2.762590059019979	0.45
19	5	14	438	6.2211	1.4664290592067968	0.45
20	5	15	51	7.925720000000001	0.019156916256817032	0.45
21	5	15	61	7.48156	0.003847668040334529	0.45
22	5	16	94	7.52184	0.12662352541864796	0.45
23	5	16	410	7.0099	0.38015754745398983	0.45
24	5	17	104	7.39702	0.7191428509353619	0.45
25	5	18	249	7.5397	1.6927727261757108	0.45
26	5	18	387	6.4431199999999995	0.1651730407030839	0.45
27	5	19	225	5.88962	1.3863349692768265	0.45
28	5	20	75	6.05036	0.40031038064596725	0.45
29	5	21	57	5.73352	0.2962241874602159	0.45
30	5	22	34	6.160679999999999	0.8249930703771983	0.45
31	5	23	314	6.08518	0.6843918733044554	0.45
32	5	24	26	6.55876	1.7079923037991318	0.45
33	5	24	165	7.04058	0.6829783614462871	0.45
34	5	25	277	4.85198	0.04733501208315675	0.45
35	5	26	316	7.073720000000001	2.256414003077441	0.45
36	5	27	441	7.37618	3.1578750178432853	0.45
37	5	28	76	7.1303	0.2610240415688802	0.45
38	5	29	322	7.09516	2.1292868086916994	0.45
39	5	29	417	5.8178399999999995	0.06214361636723277	0.45
40	5	30	61	3.76072	0.10107011609772863	0.45
41	5	30	342	4.7695	0.0750723801402421	0.45
42	5	31	141	7.548039999999999	1.5015114263610583	0.45
43	5	32	202	5.54446	1.7424156302874592	0.45
44	5	32	203	4.8728	1.0519382967350697	0.45
45	5	33	96	5.77216	0.08032267671584849	0.45
46	5	33	113	6.70476	0.19687428048443925	0.45
47	5	34	115	5.69784	0.12234136226818876	0.45
48	5	34	253	7.16694	0.7026517081090067	0.45
49	5	35	121	8.67986	0.4636428586689191	0.45
50	5	36	305	6.77922	0.1254592587474285	0.45
51	5	37	84	6.94538	1.0424050879993656	0.45
52	5	38	139	4.89358	1.2917986478188144	0.45
53	5	39	20	6.05036	0.4003103806459697	0.45
54	5	39	107	6.87468	1.5440431321150085	0.45
55	5	40	268	7.09992	1.2084425887211954	0.45
56	5	41	355	7.22764	1.4396465249187103	0.45
57	5	42	150	4.634659999999999	0.3454570432622803	0.45
58	5	43	204	4.50272	0.15827875895491791	0.45
59	5	43	347	6.1814800000000005	2.9427189243365146	0.45
60	5	44	372	4.32622	0.010942785648006532	0.45
61	5	44	373	6.89162	0.016985736791625895	0.45
62	5	45	298	5.06688	0.063202888770638	0.45
63	5	46	436	7.42762	0.6815107603477426	0.45
64	5	47	232	6.15482	0.50387520096344	0.45
65	5	48	119	7.06668	0.8409993445892316	0.45
66	5	49	376	8.268500000000001	0.2592037561945031	0.45
67	5	50	169	6.41388	0.8878162468112082	0.45
68	5	50	170	7.48768	0.7521791760453458	0.45
69	5	51	101	5.278560000000001	0.12407470039494434	0.45
70	5	52	326	8.67516	2.0265069790625736	0.45
71	5	53	214	8.86256	0.5177338187159924	0.45
72	5	54	37	6.94538	1.0424050879993656	0.45
73	5	54	172	6.47298	5.4077334459496065	0.45
74	5	55	114	6.966200000000001	0.7568166890537615	0.45
75	5	56	18	5.86474	1.8579457668788022	0.45
76	5	56	221	4.68454	0.25439978389171225	0.45
77	5	57	16	4.76156	0.5067810728726462	0.45
78	5	57	49	6.116619999999999	0.010346879107472982	0.45
79	5	58	110	7.80002	2.9360912842121136	0.45
80	5	59	262	7.80002	2.9360912842121434	0.45
81	5	60	335	7.7903	0.13964689010598175	0.45
82	5	61	51	7.5571	0.10491778413806907	0.45
83	5	62	368	5.33022	0.011580385664805943	0.45
84	5	62	369	5.78372	0.23253892294309916	0.45
85	5	63	325	7.70114	0.026733687930197675	0.45
86	5	63	392	4.85198	0.047335012083153286	0.45
87	5	64	133	2.9267	0.00016245917243014286	0.45
88	5	65	312	7.06668	0.8409993445892364	0.45
89	5	66	442	7.84262	4.46696101154099	0.45
90	5	67	370	8.21704	0.8643030810695386	0.45
91	5	68	393	7.921360000000001	1.0944643877660707	0.45
92	5	69	87	7.69926	0.5689873740462239	0.45
93	5	70	21	8.70016	0.20493761420200934	0.45
94	5	71	23	6.08518	0.6843918733044407	0.45
95	5	72	174	7.2586	0.7756912052955776	0.45
96	5	73	254	8.66478	0.056165918546087865	0.45
97	5	74	152	7.5409	2.3934974224192263	0.45
98	5	75	67	5.82544	0.40031648230285805	0.45
99	5	76	97	7.24718	0.7804449987750695	0.45
100	5	76	256	4.3041	0.2676733174293698	0.45
101	5	77	282	5.35526	1.28491775492784	0.45
102	5	78	180	5.8975800000000005	0.7563685299964913	0.45
103	5	79	6	4.791060000000001	0.030927362586788125	0.45
104	5	79	41	5.9027	0.653464510717674	0.45
105	5	80	130	6.62086	0.11194371581152254	0.45
106	5	80	306	6.33026	0.9230997146355745	0.45
107	5	81	46	6.10656	0.16231089437311033	0.45
108	5	81	439	6.07848	0.2992963436849562	0.45
109	5	82	440	5.66716	2.1718357583405483	0.45
110	5	83	102	5.50312	0.337806748265725	0.45
111	5	83	197	6.44122	0.6187178051738874	0.45
112	5	84	102	4.4421	0.032732751897905296	0.45
113	5	84	304	7.1265600000000004	1.0096723361014655	0.45
114	5	85	47	5.819	0.3376538650045722	0.45
115	5	86	399	6.89162	0.016985736791628087	0.45
116	5	87	94	7.69926	0.5689873740462337	0.45
117	5	88	408	6.9707799999999995	1.0732799268964044	0.45
118	5	89	46	5.11598	0.5191998659746307	0.45
119	5	90	157	7.84134	1.29650016572869	0.45
120	5	90	158	7.39118	0.32897757602594924	0.45
121	5	91	305	6.40914	0.0513469365252064	0.45
122	5	91	393	5.75952	0.21312294677477348	0.45
123	5	92	28	8.3239	0.10896117280079524	0.45
124	5	92	60	3.50958	0.09910585129584795	0.45
125	5	93	71	6.08518	0.6843918733044505	0.45
126	5	93	285	5.51126	0.1599692849107865	0.45
127	5	94	252	6.50056	0.6956108994648943	0.45
128	5	95	341	6.1397200000000005	0.7387786690198744	0.45
129	5	96	232	6.9737599999999995	0.30670135736006005	0.45
130	5	97	220	6.35866	0.04573666753126196	0.45
131	5	97	431	7.07338	0.7347083312438176	0.45
132	5	98	226	5.88962	1.3863349692768214	0.45
133	5	99	189	7.32512	1.6214155563581492	0.45
134	5	100	222	6.12866	0.5881340282875723	0.45
135	5	100	331	6.9421	1.5966517097298223	0.45
136	5	101	36	7.61396	0.0953419234752982	0.45
137	5	101	91	5.35718	0.028732776919646468	0.45
138	5	102	196	6.3435999999999995	0.37053950016363135	0.45
139	5	103	191	7.32512	1.6214155563581636	0.45
140	5	104	293	4.7233	0.743479118239685	0.45
141	5	105	163	4.53078	0.03384031827412443	0.45
142	5	106	5	5.741820000000001	0.6322698546357826	0.45
143	5	107	125	7.09098	1.4953666029836674	0.45
144	5	107	248	5.46164	0.04867652913134426	0.45
145	5	108	79	6.08518	0.6843918733044554	0.45
146	5	109	3	6.1551	0.05588562312881556	0.45
147	5	109	82	5.864199999999999	1.4385092135474782	0.45
148	5	110	350	7.80002	2.9360912842121136	0.45
149	5	111	194	5.8502600000000005	0.8046919582427728	0.45
150	5	111	296	6.32434	0.7115643724483781	0.45
151	5	112	15	8.39514	0.023004584297153654	0.45
152	5	112	362	5.712	0.5470113794995155	0.45
153	5	113	96	8.6076	0.22637868064421351	0.45
154	5	114	234	6.966200000000001	0.7568166890537177	0.45
155	5	115	55	4.13226	0.001694738537606976	0.45
156	5	115	178	6.83784	0.12064662373060503	0.45
157	5	116	179	4.15846	0.03355179153587905	0.45
158	5	117	365	6.692279999999999	0.18183339718848995	0.45
159	5	118	187	7.6609	0.6591659474007567	0.45
160	5	119	65	7.06668	0.8409993445892852	0.45
161	5	120	122	8.67986	0.46364285866894633	0.45
162	5	120	219	3.4795599999999998	0.14098604556772942	0.45
163	5	121	137	8.67986	0.4636428586689288	0.45
164	5	122	35	8.67986	0.4636428586688971	0.45
165	5	123	66	5.3200400000000005	1.7730387077233347	0.45
166	5	124	432	6.8104000000000005	1.1633536420996398	0.45
167	5	125	123	7.45764	1.2885355756091992	0.45
168	5	125	124	7.85976	0.20683102737444112	0.45
169	5	126	55	6.66534	0.755121950516188	0.45
170	5	126	116	4.15846	0.033551791535876174	0.45
171	5	127	126	6.68452	0.7886737420520726	0.45
172	5	127	177	6.37972	1.5920280354931904	0.45
173	5	128	109	6.48714	1.4943948366762954	0.45
174	5	129	24	6.2736	2.3909706652454434	0.45
175	5	129	131	7.283799999999999	1.0350434304469183	0.45
176	5	130	78	7.37304	0.7383922527956107	0.45
177	5	131	80	7.283799999999999	1.0350434304470257	0.45
178	5	132	133	5.48486	0.07616218238428397	0.45
179	5	132	199	7.9539800000000005	0.03307764859233877	0.45
180	5	133	185	5.60428	0.07632464155669791	0.45
181	5	134	209	5.27948	0.24411930860789988	0.45
182	5	135	154	5.775239999999999	0.36383054378861596	0.45
183	5	136	111	6.708200000000001	1.5162563306911363	0.45
184	5	137	136	4.26218	0.22802223296708155	0.45
185	5	137	345	7.03692	0.23562062570182138	0.45
186	5	138	70	8.70016	0.20493761420205373	0.45
187	5	139	227	4.89358	1.2917986478187706	0.45
188	5	140	276	5.68714	0.4792654496319647	0.45
189	5	140	324	6.54918	1.4967362620212155	0.45
190	5	141	301	7.548039999999999	1.5015114263610683	0.45
191	5	142	31	6.715879999999999	0.4801163399251317	0.45
192	5	143	142	6.715879999999999	0.4801163399251542	0.45
193	5	144	75	2.6226800000000003	6.10165688874365e-06	0.45
194	5	144	367	5.919980000000001	0.07631853989981052	0.45
195	5	145	181	5.15922	0.19941525964938098	0.45
196	5	145	182	7.95348	0.5569429172937785	0.45
197	5	146	159	8.05176	0.40505394292799196	0.45
198	5	146	181	4.42476	0.007690539905413683	0.45
199	5	147	329	5.3573	0.5111114837281433	0.45
200	5	148	106	5.741820000000001	0.6322698546357826	0.45
201	5	149	292	6.70168	0.007417352042487481	0.45
202	5	149	329	5.93762	0.12115837090765331	0.45
203	5	150	27	4.634659999999999	0.3454570432622803	0.45
204	5	151	27	7.19186	2.812417974581001	0.45
205	5	151	89	4.41722	0.14674497864322836	0.45
206	5	152	42	4.88524	0.07049116725311166	0.45
207	5	152	330	7.665039999999999	2.3230062551660917	0.45
208	5	153	280	7.02538	0.409877445026976	0.45
209	5	154	208	5.775239999999999	0.3638305437886179	0.45
210	5	155	135	5.775239999999999	0.3638305437886169	0.45
211	5	155	153	6.75608	0.347733828659749	0.45
212	5	156	351	5.49126	0.49919707682065384	0.45
213	5	157	319	5.8334	0.35630729988344995	0.45
214	5	157	363	6.05082	0.940192865845161	0.45
215	5	158	200	5.1081	0.19255914555372852	0.45
216	5	158	347	6.82058	0.13641843047222457	0.45
217	5	159	284	7.09782	0.40506429598124355	0.45
218	5	160	12	7.58356	0.4127444828335934	0.45
219	5	160	283	4.5826199999999995	0.14419843446020483	0.45
220	5	161	198	5.8621799999999995	0.06358327058857248	0.45
221	5	162	50	5.871499999999999	1.6399954228565885	0.45
222	5	163	233	6.68188	1.488359687981583	0.45
223	5	164	344	5.95234	1.1006473590597259	0.45
224	5	165	167	7.04058	0.6829783614462969	0.45
225	5	166	359	7.04058	0.6829783614463261	0.45
226	5	167	166	7.04058	0.682978361446336	0.45
227	5	168	379	5.64592	1.2312819974034777	0.45
228	5	169	175	6.29828	0.4938825326227329	0.45
229	5	169	281	4.44206	0.024336267304311817	0.45
230	5	169	384	6.17388	0.36959744688396706	0.45
231	5	170	168	7.48768	0.7521791760454727	0.45
232	5	171	259	6.947080000000001	2.6451433869295795	0.45
233	5	172	171	6.947080000000001	2.645143386929604	0.45
234	5	172	173	6.2725599999999995	2.7625900590199888	0.45
235	5	173	382	6.2725599999999995	2.7625900590199888	0.45
236	5	174	175	5.815099999999999	0.4065099831596638	0.45
237	5	174	310	5.83018	0.36918122213583426	0.45
238	5	175	379	4.7014000000000005	0.9003925157824372	0.45
239	5	176	95	6.818420000000001	0.43941575269917105	0.45
240	5	177	19	7.30922	0.8068293476408713	0.45
241	5	177	216	6.488460000000001	0.7851986878523292	0.45
242	5	178	128	6.7311	0.07403854460041995	0.45
243	5	178	179	7.45702	0.046608079130168505	0.45
244	5	179	128	7.29958	0.08015987066603342	0.45
245	5	180	145	5.566339999999999	0.756358176943165	0.45
246	5	180	348	1.9369079999999999	1.0353053329249988e-05	0.45
247	5	181	255	6.89424	0.20710579955480382	0.45
248	5	182	160	7.95348	0.5569429172937933	0.45
249	5	183	200	6.458	0.4284877208380318	0.45
250	5	184	199	5.33022	0.011580385664809992	0.45
251	5	185	144	5.60428	0.07632464155671252	0.45
252	5	186	188	7.6609	0.6591659474007665	0.45
253	5	186	375	4.69304	0.3799644461384692	0.45
254	5	187	48	7.6609	0.659165947400752	0.45
255	5	188	118	7.6609	0.6591659474007714	0.45
256	5	189	190	7.32512	1.621415556358198	0.45
257	5	190	103	7.32512	1.621415556358232	0.45
258	5	191	224	7.32512	1.6214155563582124	0.45
259	5	192	89	5.1962600000000005	0.37245488733140586	0.45
260	5	192	251	6.12266	1.3136308639082128	0.45
261	5	193	192	6.94332	1.6860857512395904	0.45
262	5	194	193	6.94332	1.6860857512396437	0.45
263	5	195	197	6.33242	1.2283142016336055	0.45
264	5	196	268	5.9998	2.2175715069713178	0.45
265	5	197	196	5.96846	1.8470320068076784	0.45
266	5	198	333	6.5559199999999995	0.6846301369804104	0.45
267	5	199	266	5.9836599999999995	0.044658034257177494	0.45
268	5	200	198	8.37812	0.6210468663918676	0.45
269	5	201	136	5.325	1.288234097724067	0.45
270	5	201	228	6.00422	0.4541815325633797	0.45
271	5	202	201	5.54446	1.742415630287434	0.45
272	5	203	99	7.8897	1.358382278477366	0.45
273	5	204	353	4.50272	0.15827875895492524	0.45
274	5	205	43	6.2838199999999995	3.100997683291424	0.45
275	5	206	353	8.67516	2.0265069790624124	0.45
276	5	207	280	7.416359999999999	0.3714536567263295	0.45
277	5	208	2	6.39576	0.16999561938345983	0.45
278	5	208	134	6.463	0.19383492440515807	0.45
279	5	209	62	5.27948	0.24411930860790723	0.45
280	5	210	378	4.68422	0.1403570735806066	0.45
281	5	211	210	4.68422	0.14035707358060026	0.45
282	5	211	418	5.472	0.26303327788080194	0.45
283	5	212	163	5.79894	1.4545193697074832	0.45
284	5	212	211	6.548979999999999	0.40339035146133784	0.45
285	5	213	237	4.1886	0.423911670488216	0.45
286	5	213	246	6.80052	0.38666488783532355	0.45
287	5	214	11	5.5953800000000005	0.006622334987868026	0.45
288	5	214	147	5.3573	0.5111114837281385	0.45
289	5	215	162	5.3052399999999995	1.0111833639089922	0.45
290	5	215	235	5.48684	0.6714694767575186	0.45
291	5	216	288	6.95406	1.3202174955227535	0.45
292	5	217	289	7.65076	0.09770350940572743	0.45
293	5	218	4	7.82426	1.5485456619063205	0.45
294	5	218	130	5.4285	0.6264485369841059	0.45
295	5	219	88	6.939139999999999	0.37093522666520085	0.45
296	5	220	9	4.65244	0.12308251122167384	0.45
297	5	221	249	4.36302	0.2515807865852716	0.45
298	5	221	336	7.28968	0.0028189973064438097	0.45
299	5	222	342	6.12866	0.5881340282875674	0.45
300	5	223	218	7.09928	2.174994198890461	0.45
301	5	223	297	7.46894	0.7870942746355469	0.45
302	5	224	8	7.32512	1.6214155563581782	0.45
303	5	225	98	5.88962	1.3863349692768168	0.45
304	5	226	66	8.29954	2.6939223038176445	0.45
305	5	227	52	4.89358	1.2917986478187706	0.45
306	5	228	49	6.27958	0.24885687708700358	0.45
307	5	228	299	9.6419	0.07406870001339926	0.45
308	5	228	325	8.16772	0.1312559554629178	0.45
309	5	229	277	6.23656	0.25910896965911917	0.45
310	5	230	318	7.78068	0.8813937929968321	0.45
311	5	231	129	5.1776	3.4260140956925085	0.45
312	5	232	213	7.97242	0.8105765583235142	0.45
313	5	233	164	5.95234	1.1006473590597308	0.45
314	5	233	247	6.79844	0.3877123289218008	0.45
315	5	234	244	4.330220000000001	0.0279285224396255	0.45
316	5	234	337	6.55258	0.728888166614105	0.45
317	5	235	238	6.434240000000001	0.4726992241378062	0.45
318	5	235	412	9.04438	0.19877025261970901	0.45
319	5	236	60	4.7066	0.04054103881012672	0.45
320	5	236	360	4.98686	0.05313586350886685	0.45
321	5	237	311	5.80756	0.4504643954199002	0.45
322	5	237	390	7.523420000000001	2.2298612781457607	0.45
323	5	238	396	7.39702	0.7191428509353619	0.45
324	5	239	74	6.95406	1.3202174955228365	0.45
325	5	240	367	7.65076	0.0977035094057157	0.45
326	5	241	47	5.12296	0.16622133595884928	0.45
327	5	242	398	4.65244	0.12308251122167384	0.45
328	5	243	361	4.6977	0.36864277832815073	0.45
329	5	244	10	4.330220000000001	0.02792852243962614	0.45
330	5	245	104	4.44206	0.02433626730431967	0.45
331	5	246	311	5.3752200000000006	1.9518465835833292	0.45
332	5	247	72	6.79844	0.38771232892179497	0.45
333	5	248	19	7.840280000000001	0.5795056216359552	0.45
334	5	249	39	5.0431	1.9443535127609803	0.45
335	5	250	319	6.88862	0.23161822442318866	0.45
336	5	251	444	7.815999999999999	4.033169867329756	0.45
337	5	252	77	4.428940000000001	0.6346732466783604	0.45
338	5	252	404	4.43288	0.06093765278652163	0.45
339	5	253	313	7.16694	0.7026517081090652	0.45
340	5	254	161	5.8621799999999995	0.06358327058856711	0.45
341	5	255	132	6.66146	0.109239830976643	0.45
342	5	255	366	6.17926	0.097865968578174	0.45
343	5	256	22	8.137599999999999	0.7019105591555416	0.45
344	5	257	219	3.88368	0.22994918109746895	0.45
345	5	257	264	7.65904	1.36385356766485	0.45
346	5	258	26	7.35796	0.548421699278299	0.45
347	5	258	323	7.3754599999999995	0.07017547118395479	0.45
348	5	259	394	6.947080000000001	2.645143386929604	0.45
349	5	260	14	4.22278	0.21413223547960256	0.45
350	5	260	275	7.07854	0.7496633527519653	0.45
351	5	261	3	6.66898	2.710494576480576	0.45
352	5	262	205	6.2838199999999995	3.100997683291424	0.45
353	5	263	143	4.7048000000000005	0.47220992378240484	0.45
354	5	263	380	6.201460000000001	0.8081932973312549	0.45
355	5	264	1	6.2077800000000005	0.3247231741256591	0.45
356	5	264	186	6.7015199999999995	1.0391303935391967	0.45
357	5	265	81	4.22548	0.46160723805806547	0.45
358	5	265	275	3.81678	0.13173044024491942	0.45
359	5	266	369	5.9836599999999995	0.04465803425717511	0.45
360	5	267	105	4.53078	0.0338403182741258	0.45
361	5	267	238	9.36718	0.24644362679756554	0.45
362	5	268	231	5.1776	3.4260140956925085	0.45
363	5	269	223	4.7272799999999995	2.962088473525998	0.45
364	5	270	355	7.73976	0.9410552526265283	0.45
365	5	271	93	5.4557199999999995	0.8443611582152347	0.45
366	5	271	407	4.1203199999999995	0.20806702409664324	0.45
367	5	272	85	5.819	0.33765386500456823	0.45
368	5	273	307	7.69926	0.568987374046375	0.45
369	5	274	31	7.640300000000001	1.0213950864358916	0.45
370	5	274	301	6.05762	0.805128331997742	0.45
371	5	275	230	7.78068	0.8813937929968076	0.45
372	5	276	21	7.16558	0.09128657325819921	0.45
373	5	276	72	5.78104	0.38797887637378015	0.45
374	5	277	203	6.82658	0.30644398174229937	0.45
375	5	278	113	4.29624	0.029504400159757437	0.45
376	5	278	294	5.35218	0.1363270907400913	0.45
377	5	279	295	5.59832	0.7593867664298437	0.45
378	5	279	378	4.9002	0.48845498536694065	0.45
379	5	280	346	7.1667000000000005	0.7813311017533446	0.45
380	5	281	385	4.44206	0.02433626730432269	0.45
381	5	282	29	5.7412600000000005	2.1914304250589347	0.45
382	5	283	183	4.5826199999999995	0.1441984344602063	0.45
383	5	284	320	7.09782	0.40506429598126303	0.45
384	5	285	143	3.26082	0.00790641614272351	0.45
385	5	285	405	6.106459999999999	0.1520628687680669	0.45
386	5	286	388	7.416359999999999	0.37145365672644276	0.45
387	5	287	282	5.0758	0.9065126701310897	0.45
388	5	288	356	6.95406	1.320217495522851	0.45
389	5	289	240	7.65076	0.09770350940570888	0.45
390	5	290	298	5.3725	0.3087211450178371	0.45
391	5	291	332	8.178780000000001	1.6135936421532233	0.45
392	5	291	338	6.390359999999999	0.571245112920043	0.45
393	5	292	254	6.70168	0.007417352042481724	0.45
394	5	293	58	6.41434	2.8751536314255803	0.45
395	5	294	346	6.67516	0.002591366873106199	0.45
396	5	294	395	5.35426	0.13373572386698035	0.45
397	5	295	168	5.2274400000000005	0.47910282135809956	0.45
398	5	295	267	7.38464	0.2802839450716788	0.45
399	5	296	155	6.32434	0.711564372448388	0.45
400	5	297	76	7.46894	0.7870942746355712	0.45
401	5	298	349	4.53324	0.37192403378847505	0.45
402	5	299	63	9.6419	0.0740687000133895	0.45
403	5	300	73	6.98662	0.013855337412195416	0.45
404	5	300	246	6.17506	0.9019752873201928	0.45
405	5	301	6	7.398680000000001	2.3066397583588	0.45
406	5	302	149	9.246799999999999	0.12857572295011693	0.45
407	5	302	241	5.12296	0.16622133595885027	0.45
408	5	303	45	5.06688	0.06320288877063895	0.45
409	5	303	123	7.65748	0.48450313211414175	0.45
410	5	304	40	7.09992	1.2084425887211907	0.45
411	5	305	68	8.22868	0.176806195272631	0.45
412	5	306	78	5.32566	0.01797627720088567	0.45
413	5	306	343	6.6297999999999995	0.9051234374346842	0.45
414	5	307	69	7.69926	0.5689873740462629	0.45
415	5	308	120	7.13828	0.6046289042366744	0.45
416	5	308	257	7.84202	1.5938027487623383	0.45
417	5	309	112	8.0045	0.5700159637966614	0.45
418	5	309	265	9.59966	0.593337678302998	0.45
419	5	310	95	6.2537199999999995	0.29936291632070383	0.45
420	5	310	176	6.6635	0.069818305815148	0.45
421	5	311	391	7.31202	2.4023109790032344	0.45
422	5	312	351	7.06668	0.8409993445891193	0.45
423	5	313	357	6.50236	0.7068158365926384	0.45
424	5	314	108	6.08518	0.6843918733044554	0.45
425	5	315	90	5.7547	1.6254777417545496	0.45
426	5	316	237	7.073720000000001	2.2564140030774555	0.45
427	5	317	262	5.654739999999999	0.16490639907926252	0.45
428	5	317	334	6.09054	0.49867012077747186	0.45
429	5	318	194	7.78068	0.8813937929968515	0.45
430	5	319	156	7.9566799999999995	0.406092127118157	0.45
431	5	319	364	6.692279999999999	0.18183339718848657	0.45
432	5	320	183	4.38426	0.11026723707228317	0.45
433	5	320	302	5.41004	0.29479705890898816	0.45
434	5	321	176	6.17388	0.36959744688402846	0.45
435	5	322	11	9.7903	0.6957223652433546	0.45
436	5	322	53	8.86256	0.5177338187159338	0.45
437	5	322	300	6.41272	0.9158306247323671	0.45
438	5	323	36	5.64644	0.030117335272131972	0.45
439	5	323	437	3.4269000000000003	0.04005813591181404	0.45
440	5	324	38	4.89358	1.2917986478187509	0.45
441	5	324	138	8.70016	0.20493761420208395	0.45
442	5	325	57	6.25162	0.1579896433931047	0.45
443	5	326	327	8.67516	2.0265069790626367	0.45
444	5	327	7	8.67516	2.026506979062564	0.45
445	5	328	354	5.7449200000000005	0.10216724856683448	0.45
446	5	328	358	4.2856000000000005	0.036968219379713334	0.45
447	5	329	148	5.741820000000001	0.6322698546357826	0.45
448	5	330	251	7.10372	2.7195390034215583	0.45
449	5	331	30	6.13664	0.17614249623797074	0.45
450	5	331	411	7.971419999999999	1.4205092134918629	0.45
451	5	332	195	6.33242	1.2283142016335713	0.45
452	5	332	338	6.42368	0.3852794405195377	0.45
453	5	333	290	5.728199999999999	0.13692411609564173	0.45
454	5	333	303	8.83768	0.5477060208847555	0.45
455	5	334	4	6.09054	0.49867012077747186	0.45
456	5	335	151	5.5142999999999995	0.19278275361484615	0.45
457	5	336	345	3.97142	0.3829765447604256	0.45
458	5	337	362	6.26316	0.7052854442276996	0.45
459	5	337	363	3.36148	0.02360272238639474	0.45
460	5	338	83	6.193639999999999	0.9565245534396315	0.45
461	5	339	391	7.523420000000001	2.2298612781457563	0.45
462	5	340	315	5.7547	1.6254777417545594	0.45
463	5	340	389	5.41618	0.421738040929223	0.45
464	5	341	269	5.49172	0.07520214916312204	0.45
465	5	341	317	4.4943	0.6635765198567475	0.45
466	5	342	246	5.40546	0.6632064084278085	0.45
467	5	343	354	7.937079999999999	0.6840147656341955	0.45
468	5	343	358	5.35786	0.2211086718004863	0.45
469	5	344	269	8.93872	2.8868863243629193	0.45
470	5	345	258	5.48748	0.6185971704622724	0.45
471	5	346	395	7.9040799999999996	0.7839224686264594	0.45
472	5	347	243	4.6977	0.36864277832815023	0.45
473	5	347	261	6.66898	2.710494576480581	0.45
474	5	348	159	1.9369079999999999	1.035305332924916e-05	0.45
475	5	349	82	6.87596	0.7333265447930698	0.45
476	5	350	59	7.80002	2.9360912842120652	0.45
477	5	351	128	8.25022	1.3401964214098365	0.45
478	5	352	206	8.67516	2.0265069790624954	0.45
479	5	353	100	7.12514	2.1847857380173896	0.45
480	5	354	41	6.0567400000000005	0.7861820142010022	0.45
481	5	355	127	7.79632	2.3807017775452533	0.45
482	5	356	239	6.95406	1.3202174955228316	0.45
483	5	357	216	6.1422	0.5350188076704391	0.45
484	5	357	290	6.85142	0.17179702892219584	0.45
485	5	358	270	5.488919999999999	0.2580768911801944	0.45
486	5	359	270	7.04058	0.6829783614463163	0.45
487	5	360	335	4.98686	0.053135863508866364	0.45
488	5	361	42	5.12564	0.2749658760091681	0.45
489	5	361	236	6.40134	0.0936769023189821	0.45
490	5	362	397	7.21652	1.2522968237272005	0.45
491	5	363	260	6.551399999999999	0.9637955882315616	0.45
492	5	364	117	6.692279999999999	0.18183339718847727	0.45
493	5	365	48	6.692279999999999	0.18183339718854313	0.45
494	5	366	64	2.9267	0.00016245917243007504	0.45
495	5	366	217	7.65076	0.09770350940572252	0.45
496	5	367	183	4.7651200000000005	0.17402204930554815	0.45
497	5	368	184	5.33022	0.011580385664809505	0.45
498	5	369	33	8.873579999999999	0.2771969572002931	0.45
499	5	370	248	7.18786	0.5029005700648892	0.45
500	5	370	349	5.27412	0.36140251100459575	0.45
501	5	371	67	5.29202	0.4639865987666831	0.45
502	5	371	124	6.55912	0.9565226147251911	0.45
503	5	372	248	6.07748	0.027928522439644374	0.45
504	5	373	86	6.89162	0.01698573679161546	0.45
505	5	374	73	4.68332	0.042310581133896165	0.45
506	5	374	272	5.819	0.3376538650045575	0.45
507	5	375	374	4.69304	0.3799644461384697	0.45
508	5	376	229	6.23656	0.25910896965912794	0.45
509	5	376	287	2.3617600000000003	9.478653533597017e-05	0.45
510	5	377	57	5.87602	0.06291412112679681	0.45
511	5	377	287	6.1969199999999995	0.9064178835957516	0.45
512	5	378	162	7.71904	0.6288120589475521	0.45
513	5	379	293	6.9201	2.131674513185905	0.45
514	5	380	386	6.490880000000001	0.37395605560508255	0.45
515	5	380	406	4.71678	0.4342372417261815	0.45
516	5	381	263	6.80116	1.2804032211136804	0.45
517	5	381	387	6.25376	1.3647401658159188	0.45
518	5	382	13	6.2725599999999995	2.7625900590199888	0.45
519	5	383	56	8.18414	2.1123455507705287	0.45
520	5	383	427	5.7825	0.6502445082494699	0.45
521	5	384	321	6.17388	0.36959744688403046	0.45
522	5	385	245	4.44206	0.024336267304317327	0.45
523	5	386	387	4.745959999999999	0.2966102119146621	0.45
524	5	386	401	3.8797399999999995	0.0773458436904137	0.45
525	5	387	274	8.00568	1.826523418433682	0.45
526	5	388	207	7.416359999999999	0.37145365672636704	0.45
527	5	389	134	3.75492	0.050284384202746224	0.45
528	5	389	286	7.416359999999999	0.371453656726453	0.45
529	5	390	339	7.523420000000001	2.229861278145746	0.45
530	5	391	443	6.50978	4.632172257148957	0.45
531	5	392	25	4.85198	0.047335012083154354	0.45
532	5	393	416	6.4727	1.307587334540838	0.45
533	5	394	381	6.947080000000001	2.6451433869296137	0.45
534	5	395	433	5.999820000000001	0.917658192493432	0.45
535	5	396	17	7.39702	0.7191428509353619	0.45
536	5	397	14	7.21652	1.2522968237271956	0.45
537	5	398	22	4.65244	0.12308251122167432	0.45
538	5	399	372	6.89162	0.01698573679163589	0.45
539	5	400	99	4.913860000000001	0.2630332778807971	0.45
540	5	409	77	5.11718	0.6502445082494699	0.45
541	5	413	52	9.3134	0.7347083312438274	0.45
542	5	414	309	7.59228	1.1633536420996693	0.45
543	5	415	68	7.1452800000000005	0.9176581924934271	0.45
544	5	419	220	5.414560000000001	0.07734584369041174	0.45
545	5	420	330	6.2511399999999995	0.39653274825547324	0.45
546	5	421	313	8.015460000000001	0.004164128483608681	0.45
547	5	422	58	6.47218	0.060937652786521135	0.45
548	5	423	28	4.6038	0.15206286876806888	0.45
549	5	424	256	6.44048	0.43423724172618006	0.45
550	5	425	92	7.2425	0.2080670240966471	0.45
551	5	426	74	6.20594	1.0732799268964144	0.45
552	5	428	336	5.26314	0.38015754745398644	0.45
553	5	429	371	6.72156	1.4205092134918629	0.45
554	5	430	304	5.11306	0.1987702526197475	0.45
555	5	434	226	7.0369	1.3075873345408429	0.45
556	5	435	153	4.05854	0.06214361636723425	0.45
557	5	445	215	7.54024	1.6826528406665107	0.45
558	5	446	377	5.243799999999999	0.9693320047224948	0.45
559	5	447	279	6.0453600000000005	1.2478417517967795	0.45
560	5	448	140	8.10262	1.9760017116531683	0.45
561	5	449	291	6.093999999999999	2.1848387550732857	0.45
562	5	450	212	6.73888	1.8579097211688629	0.45
563	5	451	54	10.26372	6.450138533948948	0.45
564	5	452	32	8.06388	2.794353927022548	0.45
565	5	453	344	5.63696	1.7862389653032134	0.45
453	total number of nodes
name	x	y	z
1	162.507	202.69299999999998	195.615
2	52.2923	299.133	271.959
3	252.72100000000003	188.929	245.655
4	252.847	215.155	123.40100000000001
5	7.71222	108.021	342.442
6	100.856	205.364	157.207
7	253.38	83.2784	160.91299999999998
8	40.5783	218.833	117.122
9	373.13899999999995	313.86	48.6218
10	319.634	274.498	316.06
11	56.6674	154.554	275.313
12	142.88	213.09799999999998	357.481
13	113.845	357.545	85.1396
14	337.135	53.1812	312.745
15	217.18099999999998	3.29577	222.957
16	91.8782	49.824000000000005	131.772
17	353.14599999999996	37.636399999999995	60.6336
18	92.29809999999999	337.943	138.291
19	236.302	323.346	367.019
20	239.219	357.215	186.27100000000002
21	187.67100000000002	65.2769	86.513
22	343.786	350.051	163.08100000000002
23	125.907	285.22200000000004	91.6725
24	203.087	235.174	60.686800000000005
25	15.1104	4.961810000000001	75.7516
26	136.093	120.297	309.233
27	317.878	199.05100000000002	299.013
28	344.021	248.66500000000002	112.134
29	26.490099999999998	43.0183	233.61
30	201.881	50.4255	226.123
31	5.1972	267.08	125.008
32	89.50150000000001	136.141	36.122499999999995
33	7.27031	253.002	342.989
34	347.889	297.197	236.73499999999999
35	89.55199999999999	247.475	244.973
36	117.017	54.7	320.07599999999996
37	151.601	359.055	35.6937
38	243.42	7.05919	109.273
39	161.963	336.948	191.071
40	266.379	276.603	42.6944
41	149.088	216.8	118.83300000000001
42	322.295	163.142	259.79900000000004
43	257.325	138.262	172.89399999999998
44	326.289	350.66200000000003	310.818
45	214.762	277.426	309.851
46	260.146	79.4179	373.229
47	155.69299999999998	162.461	319.674
48	176.65	223.77700000000002	232.361
49	94.5552	46.1507	39.808899999999994
50	348.334	88.465	71.2918
51	180.67	13.830599999999999	250.38600000000002
52	320.27	1.1444800000000002	155.738
53	104.527	126.92500000000001	267.214
54	105.52799999999999	321.637	17.4714
55	289.267	265.782	260.794
56	112.042	357.512	146.75
57	130.75	37.7104	51.5872
58	365.014	91.7603	161.946
59	287.254	126.502	119.943
60	345.055	160.39000000000001	194.07
61	185.863	13.9583	251.54399999999998
62	84.48469999999999	254.254	343.12399999999997
63	44.2722	68.93660000000001	1.38841
64	113.75999999999999	233.027	346.04999999999995
65	188.629	222.358	239.645
66	142.113	348.484	334.921
67	225.27499999999998	349.45799999999997	238.423
68	72.4367	4.09668	339.216
69	40.8561	168.499	120.91799999999999
70	207.588	57.312599999999996	128.775
71	71.8053	266.633	74.6272
72	298.61	86.97959999999999	73.1663
73	164.626	186.31900000000002	297.667
74	352.596	177.40599999999998	256.05400000000003
75	251.17999999999998	324.007	221.103
76	315.665	280.867	105.036
77	3.32983	34.4447	192.026
78	238.302	266.471	111.24900000000001
79	119.753	224.832	161.92
80	238.804	240.83599999999998	79.9397
81	271.5	7.36004	334.80100000000004
82	265.46700000000004	234.90699999999998	346.228
83	243.867	228.018	19.7577
84	214.871	319.514	56.402300000000004
85	174.412	156.95499999999998	314.641
86	359.66299999999995	371.403	368.93199999999996
87	53.193799999999996	117.381	112.736
88	35.4645	179.108	215.387
89	302.96799999999996	89.2928	281.293
90	219.48000000000002	215.507	202.765
91	79.1502	51.5172	332.716
92	374.912	195.181	133.495
93	29.6841	264.877	95.41229999999999
94	69.34570000000001	81.0677	132.545
95	366.695	136.125	66.6121
96	0.931924	217.33599999999998	281.099
97	323.854	325.994	75.226
98	162.402	356.71999999999997	368.904
99	64.0668	195.10600000000002	9.56682
100	218.403	105.416	200.043
101	139.455	5.07329	327.67499999999995
102	225.341	255.244	22.8814
103	81.48729999999999	208.426	81.11410000000001
104	369.062	52.497899999999994	84.1667
105	327.503	110.591	40.217
106	69.7354	142.72500000000002	311.88800000000003
107	191.842	365.16700000000003	271.945
108	107.652	252.70799999999997	135.404
109	239.29999999999998	224.798	293.23
110	344.237	114.723	138.744
111	125.31400000000001	263.27000000000004	263.821
112	274.545	5.01077	283.091
113	15.2108	272.82599999999996	316.09
114	289.016	267.328	261.6
115	288.385	265.921	257.328
116	289.558	255.52700000000002	262.947
117	183.623	221.02100000000002	218.549
118	174.745	205.31900000000002	228.14600000000002
119	180.87199999999999	225.19400000000002	237.708
120	88.2828	217.171	241.692
121	103.899	262.475	240.239
122	92.83040000000001	239.258	252.18099999999998
123	182.965	350.70799999999997	288.225
124	198.79000000000002	359.82	268.654
125	190.17000000000002	358.66799999999995	267.847
126	292.657	256.456	263.565
127	293.875	252.888	259.03
128	263.93100000000004	258.40999999999997	254.96299999999997
129	232.613	226.41	74.0299
130	246.69600000000003	242.245	85.524
131	231.451	227.16500000000002	78.3831
132	117.653	229.665	360.751
133	115.74	229.892	345.682
134	97.415	246.84199999999998	327.655
135	129.269	281.796	282.414
136	125.43799999999999	248.123	251.364
137	126.303	256.488	243.832
138	234.846	15.963700000000001	115.94099999999999
139	243.41	6.85261	109.874
140	243.5	18.3884	96.0961
141	12.865599999999999	259.784	141.172
142	3.13481	262.598	120.506
143	3.63009	276.83599999999996	109.95899999999999
144	122.113	232.816	338.155
145	145.998	212.816	367.16700000000003
146	145.189	212.094	358.277
147	78.3009	135.17499999999998	300.30699999999996
148	75.28059999999999	148.328	308.75899999999996
149	94.04899999999999	153.435	317.932
150	320.824	168.913	263.89300000000003
151	308.454	151.923	257.279
152	328.35200000000003	166.198	263.452
153	120.557	293.296	270.035
154	120.21199999999999	276.844	287.613
155	125.155	279.30199999999996	270.63599999999997
156	210.14100000000002	229.28099999999998	195.969
157	210.753	211.855	202.178
158	228.711	206.08599999999998	198.66
159	132.07999999999998	195.595	362.11899999999997
160	141.118	215.37199999999999	357.72400000000005
161	139.644	202.994	338.755
162	339.596	90.8897	65.2688
163	327.701	118.559	46.270799999999994
164	313.064	125.75800000000001	42.6665
165	198.552	233.4	64.29809999999999
166	183.015	232.344	70.3593
167	199.192	233.988	67.7474
168	348.513	78.52590000000001	63.3531
169	350.984	92.1281	74.7355
170	346.902	85.0543	71.20790000000001
171	87.5054	335.941	15.083400000000001
172	93.1576	327.894	15.1545
173	96.862	331.359	25.5269
174	343.387	91.6519	77.3791
175	348.038	91.1202	79.46029999999999
176	368.323	107.644	71.7826
177	288.55	243.403	250.90699999999998
178	277.567	262.21000000000004	265.51
179	278.494	251.907	262.441
180	155.21200000000002	210.299	362.057
181	145.516	219.31199999999998	370.98900000000003
182	142.45	216.54500000000002	364.028
183	123.493	213.958	343.601
184	104.436	243.698	360.199
185	123.63799999999999	233.543	342.23199999999997
186	171.903	194.804	249.473
187	171.476	206.952	225.759
188	177.603	199.57399999999998	246.47500000000002
189	71.1768	203.393	73.0942
190	78.7043	205.809	76.60979999999999
191	79.1049	214.257	84.59270000000001
192	309.032	84.96	282.98400000000004
193	304.12899999999996	79.0451	285.139
194	293.363	76.3276	284.92900000000003
195	235.90800000000002	214.598	24.151500000000002
196	234.615	230.21900000000002	31.466800000000003
197	243.677	226.554	23.5275
198	140.41	217.285	339.363
199	103.815	227.122	364.373
200	132.25	219.92600000000002	337.936
201	89.7564	131.044	44.8212
202	90.988	137.682	43.736999999999995
203	61.1873	148.594	36.1824
204	263.16	133.47	176.62099999999998
205	268.486	148.828	163.095
206	272.241	117.622	199.20499999999998
207	109.06899999999999	256.983	334.83599999999996
208	90.95089999999999	260.374	310.061
209	90.0373	250.61	332.799
210	338.439	112.08800000000001	49.6629
211	335.628	123.84900000000002	47.3741
212	328.788	122.214	42.5456
213	158.832	143.18699999999998	309.621
214	71.8634	136.193	275.016
215	328.375	79.7877	46.6831
216	309.65099999999995	246.652	227.781
217	87.1327	223.385	301.61400000000003
218	250.055	232.262	96.1173
219	87.5941	200.727	239.912
220	350.736	354.09999999999997	66.3558
221	121.295	334.319	167.093
222	202.68900000000002	131.009	228.86
223	272.77	214.78	85.3555
224	74.8387	217.624	82.0678
225	186.766	364.022	373.769
226	129.727	356.05400000000003	346.157
227	278.188	5.87965	142.62699999999998
228	76.3297	99.7571	32.0036
229	40.098	9.42129	93.4311
230	292.317	53.879099999999994	279.445
231	243.475	222.567	64.9246
232	147.976	160.381	311.64099999999996
233	317.15999999999997	113.819	47.8621
234	295.103	274.098	281.713
235	339.84	61.087999999999994	40.7587
236	324.15500000000003	150.379	222.17999999999998
237	153.5	135.23499999999999	330.905
238	340.171	68.5128	19.162699999999997
239	352.766	201.43	228.113
240	102.358	208.899	333.706
241	153.576	172.55300000000003	323.86600000000004
242	369.889	334.091	17.4119
243	293.978	179.033	194.097
244	297.958	265.054	287.064
245	370.71	68.86999999999999	71.0094
246	172.451	118.53	305.281
247	318.178	106.752	62.123099999999994
248	229.90200000000002	341.16700000000003	277.72400000000005
249	115.4	357.44	183.495
250	181.428	206.007	190.74200000000002
251	316.417	87.9576	298.834
252	20.8003	57.5049	167.204
253	322.55800000000005	283.34999999999997	251.274
254	134.442	205.582	327.515
255	126.12999999999998	247.90499999999997	356.883
256	315.515	338.22	161.18200000000002
257	111.055	193.93	231.566
258	111.616	89.4927	316.406
259	75.6247	348.464	22.6384
260	327.00399999999996	36.5567	277.08000000000004
261	228.43599999999998	183.047	238.81099999999998
262	287.86699999999996	151.275	138.76399999999998
263	2.4731300000000003	293.458	100.02799999999999
264	150.494	198.746	242.467
265	290.54	31.4165	294.652
266	88.1776	204.582	359.411
267	336.095	97.889	26.6389
268	248.849	232.48600000000002	40.9685
269	275.678	196.92700000000002	76.0441
270	143.707	217.65	97.6959
271	30.341700000000003	241.647	100.289
272	164.757	168.13400000000001	301.72
273	37.963100000000004	193.49699999999999	111.33600000000001
274	17.4438	281.46999999999997	127.45200000000001
275	302.90900000000005	49.9327	281.98699999999997
276	261.524	37.2338	90.1487
277	22.0063	22.2465	90.912
278	41.9611	315.959	290.905
279	355.826	98.7076	41.425599999999996
280	101.381	262.255	337.375
281	360.058	97.0223	69.3543
282	16.187800000000003	42.303	203.691
283	128.317	213.325	353.678
284	133.042	194.62	355.046
285	7.70791	261.323	83.26769999999999
286	116.446	249.436	318.837
287	95.739	4.33723	48.5862
288	309.68199999999996	247.57099999999997	223.084
289	96.674	216.651	326.961
290	170.863	221.157	335.67900000000003
291	241.482	174.15200000000002	17.8547
292	107.72500000000001	182.25	298.053
293	372.471	65.90979999999999	96.643
294	33.696	329.421	306.062
295	360.08299999999997	98.1289	27.7185
296	132.578	275.868	268.859
297	286.88599999999997	243.3	103.471
298	216.155	238.943	314.225
299	27.9183	105.20400000000001	16.9215
300	147.69	146.855	281.499
301	47.1047	265.895	165.398
302	119.061	177.587	334.84299999999996
303	210.10899999999998	350.044	311.4
304	247.44600000000003	306.588	46.2157
305	80.8951	40.8056	327.129
306	235.57600000000002	241.346	67.25750000000001
307	38.3577	179.559	114.262
308	94.991	214.519	228.405
309	272.975	20.2121	279.62
310	360.034	110.425	82.2785
311	152.769	117.768	329.01399999999995
312	199.44400000000002	233.66500000000002	236.076
313	326.696	272.97900000000004	260.37
314	119.708	295.319	103.04
315	220.573	221.25300000000001	191.027
316	138.47299999999998	129.54500000000002	315.06399999999996
317	300.144	154.954	141.215
318	284.60200000000003	58.594	286.443
319	203.34300000000002	217.323	197.737
320	122.672	200.17000000000002	348.289
321	371.471	99.0592	77.4293
322	97.41029999999999	113.692	265.707
323	115.389	86.234	330.65500000000003
324	237.099	16.8477	111.047
325	109.69800000000001	90.0303	3.89166
326	301.18	40.6392	175.622
327	271.64300000000003	37.3257	186.502
328	117.732	173.891	115.868
329	88.8283	140.645	309.604
330	338.546	139.865	283.17199999999997
331	177.77	81.28139999999999	203.421
332	242.27100000000002	212.67200000000003	13.9981
333	153.65699999999998	210.33	342.805
334	286.038	204.618	138.316
335	368.05600000000004	122.82100000000001	246.905
336	131.08	283.527	193.405
337	328.04999999999995	16.546699999999998	261.58799999999997
338	251.249	218.18200000000002	0.807412
339	130.948	120.406	373.18300000000005
340	244.16500000000002	215.986	147.492
341	305.204	179.524	81.8938
342	172.27200000000002	73.23660000000001	250.104
343	182.794	181.726	73.9066
344	278.887	167.51	50.9459
345	148.878	265.18	227.73499999999999
346	62.5734	329.783	316.024
347	246.195	170.254	199.412
348	168.634	179.423	367.893
349	224.298	241.075	347.686
350	291.955	123.085	124.03499999999998
351	200.411	251.363	218.665
352	273.986	106.91000000000001	193.618
353	269.01300000000003	118.132	186.523
354	149.482	202.862	121.759
355	155.79600000000002	214.148	105.545
356	308.113	232.37	219.612
357	317.96999999999997	250.35200000000003	233.57999999999998
358	142.976	200.183	95.80499999999999
359	154.52200000000002	228.958	94.1275
360	328.293	140.008	231.276
361	317.956	160.47500000000002	233.547
362	338.481	8.51826	256.646
363	330.429	25.7949	267.41999999999996
364	195.89999999999998	224.7	221.0
365	175.90800000000002	225.73600000000002	225.547
366	107.501	235.359	337.205
367	117.993	220.389	336.84299999999996
368	95.8977	256.291	351.199
369	77.3682	241.022	341.617
370	229.048	346.2	252.672
371	218.96400000000003	359.454	239.597
372	316.325	359.083	299.60499999999996
373	328.811	362.474	322.673
374	164.726	174.14000000000001	287.65000000000003
375	165.375	181.177	282.51099999999997
376	86.6797	13.7465	55.6321
377	95.91869999999999	8.36645	36.866699999999994
378	339.667	100.927	53.5944
379	345.83500000000004	84.9536	78.4202
380	5.98897	301.099	107.70299999999999
381	1.1238299999999999	301.858	87.0709
382	102.871	367.966	74.9264
383	118.194	357.151	98.6479
384	360.158	94.1375	81.3318
385	363.46000000000004	91.9977	66.5978
386	15.0854	310.291	102.57000000000001
387	21.195600000000002	307.798	111.48400000000001
388	113.65599999999999	260.37899999999996	326.6
389	104.524	239.772	316.666
390	141.784	125.87199999999999	366.648
391	123.767	129.88400000000001	362.98
392	0.0	0.0	0.0
393	0.0	0.0	371.25
394	0.0	371.25	0.0
395	0.0	371.25	371.25
396	371.25	0.0	0.0
397	371.25	0.0	371.25
398	371.25	371.25	0.0
399	371.25	371.25	371.25
400	0.0	195.89600000000002	24.4412
401	0.0	362.995	92.98610000000001
402	0.0	119.91	365.089
403	0.0	278.554	260.803
404	0.0	85.96130000000001	153.48499999999999
405	0.0	210.566	54.607
406	0.0	371.906	213.761
407	0.0	216.684	106.652
408	0.0	161.12099999999998	242.685
409	26.1468	0.0	159.99499999999998
410	120.363	0.0	196.933
411	195.892	0.0	208.929
412	278.74600000000004	0.0	14.6401
413	360.987	0.0	120.31099999999999
414	209.377	0.0	291.855
415	53.6034	0.0	310.30400000000003
416	72.03479999999999	0.0	337.623
417	70.4152	0.0	262.773
418	375.0	195.89600000000002	24.4412
419	375.0	362.995	92.98610000000001
420	375.0	119.91	365.089
421	375.0	278.554	260.803
422	375.0	85.96130000000001	153.48499999999999
423	375.0	210.566	54.607
424	375.0	371.906	213.761
425	375.0	216.684	106.652
426	375.0	161.12099999999998	242.685
427	26.1468	375.0	159.99499999999998
428	120.363	375.0	196.933
429	195.892	375.0	208.929
430	278.74600000000004	375.0	14.6401
431	360.987	375.0	120.31099999999999
432	209.377	375.0	291.855
433	53.6034	375.0	310.30400000000003
434	72.03479999999999	375.0	337.623
435	70.4152	375.0	262.773
436	282.476	49.8465	375.0
437	125.29699999999998	9.01	375.0
438	371.88	86.1678	375.0
439	214.186	40.5142	375.0
440	260.727	177.028	375.0
441	373.557	145.53900000000002	375.0
442	128.582	306.427	375.0
443	97.7648	161.854	375.0
444	259.323	127.258	375.0
445	282.476	49.8465	0.0
446	125.29699999999998	9.01	0.0
447	371.88	86.1678	0.0
448	214.186	40.5142	0.0
449	260.727	177.028	0.0
450	373.557	145.53900000000002	0.0
451	128.582	306.427	0.0
452	97.7648	161.854	0.0
453	259.323	127.258	0.0
27 total number of boundary nodes
node bctyp press/flow   HD    PO2    solute 3
400	2	2.0	0.45	50.	1.
409	2	2.0	0.45	50.	1.
413	2	2.0	0.45	50.	1.
414	2	2.0	0.45	50.	1.
415	2	2.0	0.45	50.	1.
419	2	2.0	0.45	50.	1.
420	2	2.0	0.45	50.	1.
421	2	2.0	0.45	50.	1.
422	2	2.0	0.45	50.	1.
423	2	2.0	0.45	50.	1.
424	2	2.0	0.45	50.	1.
425	2	2.0	0.45	50.	1.
426	2	2.0	0.45	50.	1.
428	2	2.0	0.45	50.	1.
429	2	2.0	0.45	50.	1.
430	2	2.0	0.45	50.	1.
434	2	2.0	0.45	50.	1.
435	2	2.0	0.45	50.	1.
445	2	2.0	0.45	50.	1.
446	2	2.0	0.45	50.	1.
447	2	2.0	0.45	50.	1.
448	2	2.0	0.45	50.	1.
449	2	2.0	0.45	50.	1.
450	2	2.0	0.45	50.	1.
451	2	2.0	0.45	50.	1.
452	2	2.0	0.45	50.	1.
453	2	2.0	0.45	50.	1.
