Brain network by Wahbi
375.0	375.0	375.0	box dimensions in microns
25	25	25	number of tissue points in x,y,z directions
100.	outer bound distance
100.	max. segment length
5	nodsegm, max. allowed number of segments per node
557	total number of segments
name	type	from	to	diam.	rel. flow	hem.
1	5	1	10	5.63738	0.7914274627743744	0.45
2	5	1	312	6.2077800000000005	0.6802107326706794	0.45
3	5	2	276	6.39576	0.40426645752060675	0.45
4	5	2	292	6.6022	0.7875874711020883	0.45
5	5	3	59	6.1551	0.9775635512991095	0.45
6	5	4	162	6.09054	0.37824354163228247	0.45
7	5	4	265	5.82808	0.661572308743119	0.45
8	5	5	145	5.15922	0.2219967993844685	0.45
9	5	6	78	6.766	0.5442357617186598	0.45
10	5	6	106	5.741820000000001	0.0887950676052504	0.45
11	5	7	71	4.791060000000001	0.11276435806709838	0.45
12	5	7	323	7.398680000000001	0.022765046865297827	0.45
13	5	8	271	7.640300000000001	0.4940221705215651	0.45
14	5	9	218	5.14978	0.11488641292717301	0.45
15	5	9	240	7.32512	0.8763029530304446	0.45
16	5	10	135	5.63738	0.7914274627743744	0.45
17	5	11	319	6.47298	2.4603586454736646	0.45
18	5	12	158	4.7048000000000005	0.01727348109576076	0.45
19	5	13	378	5.7677	0.3805342542767519	0.45
20	5	13	379	5.5953800000000005	1.9405807415524177	0.45
21	5	14	324	6.89424	0.4946729118881577	0.45
22	5	15	326	4.22278	0.012899858140812641	0.45
23	5	15	398	7.21652	0.20977522566190684	0.45
24	5	16	166	6.2211	0.5637654222726451	0.45
25	5	17	342	7.52184	0.5840225419114071	0.45
26	5	18	133	7.24718	0.7783240576966398	0.45
27	5	19	149	7.0099	1.9347064411783732	0.45
28	5	19	331	5.86474	0.13585776388440987	0.45
29	5	20	110	7.30922	1.9404134062825846	0.45
30	5	21	254	8.70016	1.0981653986038868	0.45
31	5	22	311	6.160679999999999	0.13961754730287043	0.45
32	5	23	36	4.65244	0.0601221611900281	0.45
33	5	23	82	6.55876	0.01734320121364064	0.45
34	5	24	275	6.41388	0.010766878732512775	0.45
35	5	25	313	7.35796	0.3999866408546729	0.45
36	5	26	59	4.634659999999999	0.39936272642940585	0.45
37	5	26	241	7.19186	1.053287254971451	0.45
38	5	27	4	7.82426	1.0398158503754031	0.45
39	5	27	381	8.3239	0.9330088283020334	0.45
40	5	28	255	7.09516	1.1175809284921738	0.45
41	5	29	98	5.8178399999999995	0.8784183467977154	0.45
42	5	30	139	4.7695	0.2192760445264103	0.45
43	5	30	272	6.715879999999999	1.0155102062478498	0.45
44	5	31	8	7.640300000000001	0.4940221705215573	0.45
45	5	32	399	6.70476	0.6183837628895681	0.45
46	5	33	251	7.84202	1.3167922175164752	0.45
47	5	34	120	5.69784	0.10158071578182967	0.45
48	5	34	130	7.16694	0.8103152671619063	0.45
49	5	35	50	7.61396	0.020136636553152235	0.45
50	5	35	197	5.64644	0.46811912648176623	0.45
51	5	36	77	6.05036	0.41642717641464017	0.45
52	5	37	137	5.0431	1.0077741626347498	0.45
53	5	37	321	5.9027	1.3086449571306216	0.45
54	5	38	360	4.88524	0.32085595683878193	0.45
55	5	38	424	5.12564	0.765693523163281	0.45
56	5	39	301	6.2838199999999995	0.2163089428395684	0.45
57	5	39	426	6.1814800000000005	0.135529404932391	0.45
58	5	40	86	4.330220000000001	0.10812400715613854	0.45
59	5	40	350	4.32622	0.2229141342329982	0.45
60	5	41	148	4.42476	0.18975645398541924	0.45
61	5	42	202	7.78068	1.3566095397097413	0.45
62	5	43	126	6.10656	0.6738990405403693	0.45
63	5	43	368	5.11598	0.0215751369852459	0.45
64	5	44	364	6.15482	0.2130481016781032	0.45
65	5	44	439	5.12296	0.8297147972080255	0.45
66	5	45	88	6.458	0.6241121013833764	0.45
67	5	46	239	7.6609	0.6079165099945172	0.45
68	5	47	185	6.27958	0.33873123675270134	0.45
69	5	48	227	5.871499999999999	0.10812400715613307	0.45
70	5	49	21	7.840280000000001	0.7974114886790409	0.45
71	5	50	320	7.61396	0.020136636553140456	0.45
72	5	51	59	4.89358	0.09471191771653853	0.45
73	5	51	108	8.67516	0.7656835769641341	0.45
74	5	52	440	10.26372	6.184083495906046	0.45
75	5	53	170	6.966200000000001	0.45477818422173394	0.45
76	5	54	112	4.68454	0.3986669540031984	0.45
77	5	54	124	6.25162	0.387935028652398	0.45
78	5	55	219	5.87602	0.7728579520675033	0.45
79	5	55	247	7.80002	1.836484277657888	0.45
80	5	56	339	3.50958	0.06850785957534494	0.45
81	5	56	346	4.7066	0.6050625103590308	0.45
82	5	57	108	4.7066	0.6050625103590347	0.45
83	5	58	260	7.7903	0.8939867191593763	0.45
84	5	58	338	6.47218	0.6735703699343588	0.45
85	5	59	1	6.88862	1.471638195445058	0.45
86	5	60	99	9.6419	1.2750169787744283	0.45
87	5	61	365	6.15482	0.21304810167810356	0.45
88	5	62	24	6.41388	0.010766878732521332	0.45
89	5	63	197	4.85198	0.34418865805595633	0.45
90	5	64	28	4.6038	0.08319127227682804	0.45
91	5	65	121	7.84262	0.2737879973974468	0.45
92	5	66	366	5.29202	2.098770940103286	0.45
93	5	66	367	8.137599999999999	0.02225374455170816	0.45
94	5	67	302	8.22868	1.4755975950539377	0.45
95	5	67	326	7.921360000000001	0.2090969412436674	0.45
96	5	68	171	7.2586	0.6578352478040229	0.45
97	5	68	226	6.79844	0.8493078570138268	0.45
98	5	69	60	5.33022	0.44112965172911445	0.45
99	5	69	332	7.073720000000001	0.3245638714341665	0.45
100	5	70	377	6.98662	0.3563050152245729	0.45
101	5	70	390	4.68332	0.02422923905218877	0.45
102	5	71	20	6.4431199999999995	0.8421483414348059	0.45
103	5	72	370	6.20594	0.39429678364098025	0.45
104	5	72	385	2.6226800000000003	0.0013637963536898116	0.45
105	5	73	237	7.24718	0.7783240576966516	0.45
106	5	73	296	4.3041	0.24499040163766944	0.45
107	5	74	21	5.73352	0.3007539099248297	0.45
108	5	75	314	5.11718	0.3467477583942898	0.45
109	5	75	355	7.37304	1.2209780857774997	0.45
110	5	76	15	9.7903	0.22267508380273582	0.45
111	5	77	83	7.22764	1.0865494800020687	0.45
112	5	78	250	7.283799999999999	0.22453769574573446	0.45
113	5	78	305	6.33026	0.31969806597292577	0.45
114	5	79	129	6.07848	0.3764644551787562	0.45
115	5	80	60	5.78372	0.833887327045314	0.45
116	5	81	327	6.193639999999999	1.4640486627855078	0.45
117	5	82	335	7.1265600000000004	0.6456086987021735	0.45
118	5	83	38	7.22764	1.0865494800020647	0.45
119	5	84	157	4.98686	0.05185807374969121	0.45
120	5	85	65	8.29954	0.1620793771690385	0.45
121	5	86	372	6.939139999999999	0.02987674219911141	0.45
122	5	86	373	6.9707799999999995	0.07824726495702179	0.45
123	5	87	290	8.86256	1.5958073074325758	0.45
124	5	88	190	6.458	0.6241121013833802	0.45
125	5	89	155	4.41722	0.18015701046183905	0.45
126	5	89	156	5.1962600000000005	0.500053722208866	0.45
127	5	90	389	7.84134	0.28374366643125953	0.45
128	5	90	412	7.39118	1.1918539286227379	0.45
129	5	91	213	7.12514	0.5223927391577017	0.45
130	5	92	269	4.1203199999999995	0.03026822707933456	0.45
131	5	93	56	6.47218	0.6735703699343825	0.45
132	5	94	438	6.40914	1.3166844029174265	0.45
133	5	95	218	5.75952	0.23695193484479343	0.45
134	5	95	394	5.4557199999999995	0.11430120202448121	0.45
135	5	96	85	8.29954	0.16207937716904286	0.45
136	5	96	223	6.50056	0.03610988290993497	0.45
137	5	97	193	6.2537199999999995	0.6021461776776429	0.45
138	5	98	220	8.6076	0.9828114890118934	0.45
139	5	99	432	6.35866	2.2986343872736814	0.45
140	5	100	77	6.62086	0.6701223035874129	0.45
141	5	101	189	6.6635	0.6435104275929678	0.45
142	5	102	71	7.5409	0.7293839833677095	0.45
143	5	103	29	3.76072	0.03006499863226048	0.45
144	5	103	161	7.07338	0.22537599896646066	0.45
145	5	104	146	5.566339999999999	0.02615357839108796	0.45
146	5	105	246	7.13828	0.07989394889239496	0.45
147	5	106	333	5.741820000000001	0.0887950676052512	0.45
148	5	107	296	6.12866	0.2843454977299516	0.45
149	5	108	91	7.12514	0.5223927391577055	0.45
150	5	108	225	6.13664	0.8483533481654555	0.45
151	5	109	294	5.4285	0.2694166738879832	0.45
152	5	110	306	6.3435999999999995	1.1416325117303348	0.45
153	5	110	349	7.39702	0.7987808945522695	0.45
154	5	111	94	5.7547	0.47903218446349777	0.45
155	5	112	232	4.7233	0.4632871457238521	0.45
156	5	113	54	8.18414	0.7866019826556344	0.45
157	5	114	124	7.45764	0.8831241263656702	0.45
158	5	115	361	8.268500000000001	0.2953133790682282	0.45
159	5	116	253	6.708200000000001	0.47501733488856684	0.45
160	5	117	47	6.116619999999999	0.043417857684541886	0.45
161	5	118	120	5.8502600000000005	0.010670022576953337	0.45
162	5	118	217	6.32434	0.9968028059277172	0.45
163	5	119	34	8.873579999999999	0.9118959829437411	0.45
164	5	120	107	4.913860000000001	0.11225073835878274	0.45
165	5	121	123	5.712	0.22958751356670729	0.45
166	5	121	300	4.29624	0.04420048383073753	0.45
167	5	122	246	8.67986	0.16300396645565982	0.45
168	5	123	105	7.13828	0.07989394889241301	0.45
169	5	123	122	6.83784	0.14969356467430758	0.45
170	5	124	125	7.65748	1.2710591550180748	0.45
171	5	125	175	7.65748	1.271059155018102	0.45
172	5	126	177	7.85976	1.203234939907994	0.45
173	5	127	28	5.7412600000000005	1.0343896562153476	0.45
174	5	128	79	4.22548	0.010155234931636496	0.45
175	5	129	127	6.07848	0.37646445517875854	0.45
176	5	130	131	4.15846	0.11160412180006252	0.45
177	5	130	182	6.68452	0.6987111453618549	0.45
178	5	131	63	7.70114	0.20501388240217605	0.45
179	5	131	363	7.79632	0.16302726181842853	0.45
180	5	132	362	6.37972	0.25643702242060956	0.45
181	5	133	152	8.25022	1.107383090606812	0.45
182	5	134	109	5.4285	0.2694166738879848	0.45
183	5	134	270	6.692279999999999	0.5220107888864042	0.45
184	5	135	134	5.63738	0.7914274627743783	0.45
185	5	136	20	5.88962	1.0982650648477787	0.45
186	5	137	136	5.0431	1.0077741626347183	0.45
187	5	138	274	7.9539800000000005	0.8228942876940731	0.45
188	5	139	298	4.7695	0.21927604452640995	0.45
189	5	140	30	7.548039999999999	1.2347862507742369	0.45
190	5	140	141	5.60428	0.02625855030770946	0.45
191	5	141	298	3.75492	0.028121162250714694	0.45
192	5	142	281	7.03692	0.077435523720848	0.45
193	5	142	284	5.68714	0.08940784842699136	0.45
194	5	143	178	5.50312	0.5420781138317777	0.45
195	5	143	179	6.54918	0.38951495023613253	0.45
196	5	144	12	4.7048000000000005	0.017273481095770375	0.45
197	5	144	327	3.26082	0.015799177617342213	0.45
198	5	145	146	5.15922	0.2219967993844677	0.45
199	5	146	238	7.58356	0.5180497037193124	0.45
200	5	147	35	6.77922	0.4882557630349126	0.45
201	5	147	146	7.95348	0.26989932594373506	0.45
202	5	148	419	9.246799999999999	2.212705920532793	0.45
203	5	149	150	6.70168	2.0229494665473426	0.45
204	5	150	148	6.70168	2.022949466547327	0.45
205	5	151	96	5.51126	0.06924196650882192	0.45
206	5	151	153	5.5142999999999995	0.05964235902221089	0.45
207	5	152	44	5.819	1.0427628988861346	0.45
208	5	152	112	4.44206	0.06462019172065378	0.45
209	5	153	133	5.1776	0.32905903291019767	0.45
210	5	154	184	5.83018	0.12134170262780039	0.45
211	5	155	316	4.41722	0.18015701046183943	0.45
212	5	156	72	6.95406	0.3956605799946645	0.45
213	5	156	98	6.1397200000000005	0.10439314221420071	0.45
214	5	157	282	4.98686	0.051858073749685325	0.45
215	5	158	180	6.75608	0.8281308349369961	0.45
216	5	159	344	6.1422	0.6815637563706545	0.45
217	5	160	213	4.05854	0.2319487439598049	0.45
218	5	160	375	7.9566799999999995	0.1599692866500167	0.45
219	5	161	210	7.07338	0.22537599896652424	0.45
220	5	162	3	7.31922	0.48586377631151384	0.45
221	5	163	100	6.62086	0.6701223035874324	0.45
222	5	164	23	6.2736	0.07746536240367337	0.45
223	5	164	165	5.8334	0.47985556614313973	0.45
224	5	165	163	5.8334	0.47985556614315933	0.45
225	5	166	168	5.278560000000001	0.7538159376627095	0.45
226	5	167	49	7.5571	0.04359555101619996	0.45
227	5	167	174	1.9369079999999999	0.00035029644204879166	0.45
228	5	168	49	5.278560000000001	0.7538159376627213	0.45
229	5	169	257	7.69926	2.32111499582915	0.45
230	5	170	169	6.966200000000001	0.45477818422176536	0.45
231	5	171	53	4.13226	0.013302998683226337	0.45
232	5	171	379	5.3052399999999995	0.6445322491207964	0.45
233	5	172	173	7.09782	0.04394584745831852	0.45
234	5	172	245	7.5409	0.7293839833677057	0.45
235	5	173	167	7.09782	0.0439458474582938	0.45
236	5	174	307	1.9369079999999999	0.00035029644204879166	0.45
237	5	175	434	5.79894	1.3947890328199102	0.45
238	5	176	242	5.2274400000000005	0.7148200969621188	0.45
239	5	177	114	7.45764	0.8831241263657017	0.45
240	5	177	176	6.68188	0.3201108135422793	0.45
241	5	178	81	5.50312	0.5420781138317777	0.45
242	5	179	288	6.54918	0.38951495023612237	0.45
243	5	180	143	8.10262	0.9315930640679115	0.45
244	5	181	264	6.947080000000001	0.6869902331496524	0.45
245	5	182	197	6.2725599999999995	2.9114170658946166	0.45
246	5	183	131	6.37972	0.256437022420595	0.45
247	5	184	186	6.48714	0.1362860981358446	0.45
248	5	185	116	6.27958	0.33873123675271627	0.45
249	5	186	116	6.48714	0.136286098135856	0.45
250	5	187	188	6.6635	0.6435104275930108	0.45
251	5	187	404	7.45702	3.3717175493115548	0.45
252	5	188	101	6.6635	0.6435104275930108	0.45
253	5	189	201	4.8728	0.2020352420545549	0.45
254	5	189	222	6.66534	0.44147518553849957	0.45
255	5	190	14	6.89424	0.4946729118881577	0.45
256	5	190	191	4.38426	0.0760028841576894	0.45
257	5	190	249	4.7651200000000005	0.053436305337561815	0.45
258	5	191	192	4.38426	0.0760028841576894	0.45
259	5	192	315	4.38426	0.07600288415768783	0.45
260	5	193	195	6.7015199999999995	2.4458862562618857	0.45
261	5	194	140	6.463	1.2610448010819664	0.45
262	5	194	266	6.12266	0.5565759576914071	0.45
263	5	195	82	4.4421	0.6282654974885397	0.45
264	5	195	194	6.94332	1.8176207587733892	0.45
265	5	196	198	6.17388	0.5239629713312646	0.45
266	5	197	52	6.94538	3.7237248504323435	0.45
267	5	198	181	6.17388	0.5239629713312685	0.45
268	5	199	200	5.54446	0.2919869284670318	0.45
269	5	200	31	5.54446	0.2919869284670212	0.45
270	5	201	31	4.8728	0.20203524205455214	0.45
271	5	202	349	7.78068	1.3566095397097062	0.45
272	5	203	42	7.78068	1.3566095397096827	0.45
273	5	204	348	5.9998	0.5888431910852555	0.45
274	5	204	356	5.8621799999999995	1.5665472431767435	0.45
275	5	205	63	5.3200400000000005	0.13917477565373115	0.45
276	5	205	278	7.29958	0.11948441866860102	0.45
277	5	206	132	6.7311	0.136952603751963	0.45
278	5	206	205	8.37812	0.011261987545228173	0.45
279	5	207	132	7.29958	0.11948441866861596	0.45
280	5	208	209	6.00422	0.37394401070038846	0.45
281	5	208	415	4.68422	0.6330308293239055	0.45
282	5	209	3	6.66898	0.49169977498758793	0.45
283	5	210	162	5.49126	0.10762023467924742	0.45
284	5	210	209	6.548979999999999	0.1177557642872058	0.45
285	5	211	230	7.06668	0.08590572110810316	0.45
286	5	212	5	5.15922	0.22199679938446892	0.45
287	5	213	233	5.472	0.7543414831174974	0.45
288	5	214	175	4.53078	0.1237298778018157	0.45
289	5	214	353	7.97242	0.343143665784175	0.45
290	5	215	206	5.9836599999999995	0.14821459129719428	0.45
291	5	215	287	4.1886	0.0059132676119641415	0.45
292	5	216	128	4.22548	0.010155234931636377	0.45
293	5	217	87	8.86256	1.5958073074325916	0.45
294	5	218	39	4.50272	0.3518383477719645	0.45
295	5	219	333	7.54024	0.9246476934278086	0.45
296	5	220	259	6.1422	0.6815637563706582	0.45
297	5	220	370	7.09928	0.3012477326412304	0.45
298	5	221	325	3.88368	0.3623011424264902	0.45
299	5	221	337	4.36302	0.1335101513910701	0.45
300	5	222	53	6.66534	0.4414751855384839	0.45
301	5	223	224	6.50056	0.03610988290992936	0.45
302	5	224	65	5.82544	0.11170862022840981	0.45
303	5	225	29	6.13664	0.8483533481654514	0.45
304	5	226	164	5.1081	0.5573209285468005	0.45
305	5	226	199	5.54446	0.29198692846703145	0.45
306	5	227	322	5.871499999999999	0.10812400715612758	0.45
307	5	228	273	4.38426	0.07600288415768978	0.45
308	5	229	303	5.864199999999999	0.36630922024712653	0.45
309	5	230	46	7.06668	0.08590572110813495	0.45
310	5	231	172	7.71904	0.7733298308260312	0.45
311	5	232	433	5.95234	0.4921959179726839	0.45
312	5	233	236	5.472	0.7543414831174974	0.45
313	5	234	236	6.55258	0.16727876939419095	0.45
314	5	234	356	6.434240000000001	0.5130449847552642	0.45
315	5	235	84	4.98686	0.05185807374969121	0.45
316	5	235	308	6.40134	0.7377977564640391	0.45
317	5	236	307	7.523420000000001	0.9216202525116809	0.45
318	5	237	18	7.24718	0.7783240576966438	0.45
319	5	238	196	6.17388	0.5239629713312685	0.45
320	5	239	111	5.7547	0.47903218446349777	0.45
321	5	239	151	7.665039999999999	0.12888432553103205	0.45
322	5	240	394	9.36718	0.45284108198310696	0.45
323	5	240	431	6.17506	0.42346187104732197	0.45
324	5	241	203	7.19186	1.0532872549714274	0.45
325	5	242	232	8.16772	0.028908772248845343	0.45
326	5	242	437	5.3752200000000006	0.6859113247133105	0.45
327	5	243	166	6.82058	0.19005051539003795	0.45
328	5	243	231	4.7272799999999995	0.04092644534499711	0.45
329	5	243	323	5.40546	0.1958617720472727	0.45
330	5	244	387	6.40134	0.7377977564640391	0.45
331	5	245	102	7.5409	0.7293839833676861	0.45
332	5	246	368	6.07748	0.27037296058268684	0.45
333	5	247	219	5.48684	0.15178974136031037	0.45
334	5	247	423	7.815999999999999	1.684694536297583	0.45
335	5	248	371	6.44048	0.32776994305207274	0.45
336	5	249	393	4.7651200000000005	0.0534363053375626	0.45
337	5	250	76	5.32566	0.0661196878592665	0.45
338	5	250	280	7.65904	0.15841800788647115	0.45
339	5	251	310	7.37618	1.4526499814008802	0.45
340	5	252	159	6.1422	0.6815637563706505	0.45
341	5	253	142	5.325	0.1668433721478323	0.45
342	5	253	330	7.3754599999999995	0.30817396274071956	0.45
343	5	254	33	7.84202	1.3167922175164675	0.45
344	5	255	217	5.3573	0.5990045015048429	0.45
345	5	255	305	6.551399999999999	0.6877747625317473	0.45
346	5	256	25	7.04058	0.0754227694205119	0.45
347	5	256	320	5.654739999999999	0.05546210076536539	0.45
348	5	257	13	7.69926	2.3211149958291575	0.45
349	5	258	263	6.87596	0.7044481375500637	0.45
350	5	259	252	6.1422	0.6815637563706545	0.45
351	5	260	314	3.81678	0.004505378474967394	0.45
352	5	260	351	9.59966	0.8894813406844054	0.45
353	5	261	382	6.05762	0.3260367881452772	0.45
354	5	262	184	4.7014000000000005	0.014944395508058785	0.45
355	5	262	255	7.07854	0.16919833554442468	0.45
356	5	263	80	6.87596	0.7044481375500637	0.45
357	5	264	11	6.47298	2.460358645473669	0.45
358	5	265	103	7.8897	0.25544099759873995	0.45
359	5	265	359	5.49172	0.40613131114441325	0.45
360	5	266	163	6.05082	0.19026673744427983	0.45
361	5	266	229	5.864199999999999	0.36630922024712653	0.45
362	5	267	328	5.414560000000001	0.4958112938175579	0.45
363	5	268	354	7.73976	1.9603017729555736	0.45
364	5	269	36	6.87468	0.35630501522461533	0.45
365	5	270	46	6.692279999999999	0.5220107888864082	0.45
366	5	271	304	7.640300000000001	0.49402217052160435	0.45
367	5	272	17	8.39514	0.4824757638221016	0.45
368	5	272	402	8.00568	0.5330344424257599	0.45
369	5	273	80	5.66716	0.12943918949525202	0.45
370	5	274	136	5.48486	0.09049090221305116	0.45
371	5	274	231	7.0369	0.7324033854810482	0.45
372	5	275	48	6.41388	0.010766878732526746	0.45
373	5	276	96	6.818420000000001	0.12894729357014648	0.45
374	5	276	391	6.23656	0.2753191639504622	0.45
375	5	277	374	6.85142	1.3988928706341464	0.45
376	5	278	207	7.29958	0.11948441866863126	0.45
377	5	279	380	5.63696	0.42026144618587635	0.45
378	5	280	76	6.08518	0.15655539594346107	0.45
379	5	280	407	5.35218	0.0018626119430061351	0.45
380	5	281	344	5.59832	0.1292935974705506	0.45
381	5	282	317	4.98686	0.05185807374968964	0.45
382	5	283	92	4.1203199999999995	0.0302682270793348	0.45
383	5	284	384	4.9002	0.05769898606758376	0.45
384	5	284	385	6.0453600000000005	0.031708862359415835	0.45
385	5	285	373	5.35786	0.01910986346659263	0.45
386	5	286	214	6.73888	0.46687354358605193	0.45
387	5	286	352	7.416359999999999	0.15151021930356873	0.45
388	5	287	238	4.1886	0.0059132676119635135	0.45
389	5	288	345	6.106459999999999	0.5668040427909905	0.45
390	5	289	193	4.69304	1.8437400785842584	0.45
391	5	289	335	2.3617600000000003	0.012316502334427696	0.45
392	5	290	94	5.35718	0.837652218453929	0.45
393	5	290	147	8.05176	0.7581550889786547	0.45
394	5	291	203	5.96846	0.3033222847382811	0.45
395	5	292	32	8.06388	0.48877889544289166	0.45
396	5	292	365	5.728199999999999	0.8695207157892973	0.45
397	5	293	27	7.1303	1.9728246786774208	0.45
398	5	293	277	6.85142	1.398892870634162	0.45
399	5	294	153	5.4285	0.26941667388798674	0.45
400	5	295	309	5.06688	0.35214590749485547	0.45
401	5	296	126	6.55912	0.5293358993676088	0.45
402	5	297	68	5.78104	1.507143104817838	0.45
403	5	297	187	6.488460000000001	4.015227976904535	0.45
404	5	298	205	6.5559199999999995	0.24739720677712485	0.45
405	5	299	104	5.566339999999999	0.026153578391083992	0.45
406	5	299	215	6.80052	0.15412785890916494	0.45
407	5	300	369	6.9201	0.1624397350998653	0.45
408	5	301	22	7.16558	0.11736380275111184	0.45
409	5	301	74	4.428940000000001	0.09894514008844126	0.45
410	5	302	90	8.22868	1.475597595053977	0.45
411	5	303	79	5.864199999999999	0.36630922024712653	0.45
412	5	304	97	7.640300000000001	0.4940221705215337	0.45
413	5	305	118	8.0045	1.0074728285047039	0.45
414	5	306	51	9.3134	0.8603954946806924	0.45
415	5	306	348	5.35426	0.2812370170496769	0.45
416	5	307	81	6.44122	0.9219705489537341	0.45
417	5	308	244	6.40134	0.7377977564640431	0.45
418	5	309	64	4.6038	0.08319127227683001	0.45
419	5	309	248	4.43288	0.26895463521802343	0.45
420	5	310	26	7.37618	1.4526499814008411	0.45
421	5	311	74	5.35526	0.20180876983638732	0.45
422	5	312	89	6.2077800000000005	0.6802107326706914	0.45
423	5	313	387	7.35796	0.39998664085468855	0.45
424	5	314	95	7.2425	0.3512531368692691	0.45
425	5	315	228	4.38426	0.07600288415769019	0.45
426	5	316	154	5.83018	0.12134170262779606	0.45
427	5	316	248	6.17926	0.05881530783404259	0.45
428	5	317	281	4.98686	0.05185807374968689	0.45
429	5	318	235	5.80756	0.7896558302137253	0.45
430	5	319	52	6.47298	2.4603586454736766	0.45
431	5	320	411	8.83768	0.07559873731846424	0.45
432	5	321	138	6.66146	0.812833663313091	0.45
433	5	321	267	5.414560000000001	0.49581129381755396	0.45
434	5	322	97	5.871499999999999	0.10812400715612834	0.45
435	5	323	410	5.11306	0.21862681891257313	0.45
436	5	324	258	6.89424	0.4946729118881773	0.45
437	5	325	216	4.22548	0.010155234931637946	0.45
438	5	325	295	5.06688	0.3521459074948543	0.45
439	5	326	212	5.15922	0.2219967993844693	0.45
440	5	327	386	6.6297999999999995	1.479847840402848	0.45
441	5	328	221	5.414560000000001	0.4958112938175657	0.45
442	5	329	66	8.21704	2.1210246846550227	0.45
443	5	329	311	4.53324	0.06219122253354316	0.45
444	5	330	256	6.201460000000001	0.13088487018586198	0.45
445	5	330	288	5.0758	0.17728909255486897	0.45
446	5	331	251	5.86474	0.1358577638844185	0.45
447	5	332	25	7.073720000000001	0.3245638714341551	0.45
448	5	333	341	7.31202	1.0134427610330505	0.45
449	5	334	358	8.015460000000001	2.397480513707385	0.45
450	5	335	127	6.8104000000000005	0.6579252010365909	0.45
451	5	336	99	6.9737599999999995	1.0236174084992449	0.45
452	5	336	386	3.4269000000000003	0.11416698881949107	0.45
453	5	337	339	4.36302	0.1335101513910685	0.45
454	5	338	340	6.47218	0.6735703699343666	0.45
455	5	339	343	4.2856000000000005	0.20201801096641464	0.45
456	5	340	93	6.47218	0.6735703699343745	0.45
457	5	341	17	4.76156	0.10154677808933765	0.45
458	5	341	119	8.873579999999999	0.9118959829437254	0.45
459	5	342	292	5.3725	0.570712140130093	0.45
460	5	342	396	6.2511399999999995	0.013310401781315925	0.45
461	5	343	360	4.2856000000000005	0.20201801096641384	0.45
462	5	344	158	7.02538	0.8108573538411868	0.45
463	5	345	107	6.9421	0.17209475937115942	0.45
464	5	345	176	5.64592	0.3947092834198264	0.45
465	5	346	57	4.7066	0.6050625103590308	0.45
466	5	347	117	6.116619999999999	0.04341785768455326	0.45
467	5	347	262	7.38464	0.18414273105248302	0.45
468	5	348	357	6.42368	0.8700802081349255	0.45
469	5	349	204	6.33242	2.15539043426196	0.45
470	5	350	329	7.59228	2.1832159071885497	0.45
471	5	351	40	6.89162	0.33103814138913357	0.45
472	5	351	268	8.93872	0.5584431992953749	0.45
473	5	352	353	7.416359999999999	0.15151021930353695	0.45
474	5	353	113	7.09098	0.49465388508766606	0.45
475	5	354	350	7.73976	1.960301772955546	0.45
476	5	355	268	5.488919999999999	1.4018585736601163	0.45
477	5	356	334	6.50236	2.0795922279319923	0.45
478	5	357	41	4.42476	0.18975645398542004	0.45
479	5	357	234	9.04438	0.6803237541494397	0.45
480	5	358	45	6.458	0.6241121013833764	0.45
481	5	358	418	5.26314	1.7733684123240048	0.45
482	5	359	149	5.93762	0.08824302536898027	0.45
483	5	359	334	4.4943	0.31788828577542994	0.45
484	5	360	115	8.268500000000001	0.29531337906814653	0.45
485	5	360	347	7.971419999999999	0.2275605887370457	0.45
486	5	361	47	8.268500000000001	0.29531337906816896	0.45
487	5	362	183	6.37972	0.2564370224206084	0.45
488	5	363	181	7.79632	0.16302726181842578	0.45
489	5	364	61	6.15482	0.2130481016780977	0.45
490	5	365	435	6.26316	1.0825688174674024	0.45
491	5	366	19	7.5397	2.07056420506279	0.45
492	5	366	384	3.36148	0.0282067350405104	0.45
493	5	367	22	8.137599999999999	0.02225374455173199	0.45
494	5	368	113	5.46164	0.29194809756793694	0.45
495	5	369	43	7.42762	0.6954741775256122	0.45
496	5	370	371	7.937079999999999	0.6955445162822349	0.45
497	5	371	73	7.46894	1.0233144593343257	0.45
498	5	372	285	5.35786	0.01910986346659369	0.45
499	5	372	388	6.41388	0.010766878732524668	0.45
500	5	373	48	7.48768	0.09735712842361162	0.45
501	5	374	160	5.775239999999999	0.3919180306097933	0.45
502	5	374	208	6.82658	1.0069748400242893	0.45
503	5	375	380	7.9566799999999995	0.15996928664996096	0.45
504	5	376	261	6.05762	0.32603678814527326	0.45
505	5	377	283	4.1203199999999995	0.03026822707933456	0.45
506	5	377	376	6.05762	0.3260367881452686	0.45
507	5	378	70	5.7677	0.380534254276753	0.45
508	5	379	55	6.41434	2.609342229725399	0.45
509	5	380	291	5.96846	0.30332228473827755	0.45
510	5	380	318	6.41272	0.27690844809755505	0.45
511	5	381	279	5.63696	0.42026144618589206	0.45
512	5	381	318	5.41004	0.512747382116149	0.45
513	5	382	383	6.05762	0.3260367881452874	0.45
514	5	383	269	6.05762	0.3260367881452799	0.45
515	5	384	211	7.06668	0.08590572110810434	0.45
516	5	385	144	5.919980000000001	0.03307265871310592	0.45
517	5	386	436	7.9040799999999996	1.5940148292223544	0.45
518	5	387	336	5.7449200000000005	1.1377843973187356	0.45
519	5	388	62	6.41388	0.010766878732516309	0.45
520	5	389	180	6.29828	0.10346222913100735	0.45
521	5	389	299	6.093999999999999	0.18028143730025412	0.45
522	5	390	379	4.68332	0.024229239052188576	0.45
523	5	391	32	5.77216	0.12960486744667796	0.45
524	5	391	403	4.6977	0.14571429650377518	0.45
525	5	392	16	7.925720000000001	0.14030355122531776	0.45
526	5	392	243	7.18786	0.4268387327823164	0.45
527	5	393	273	4.7651200000000005	0.05343630533756142	0.45
528	5	394	427	7.65076	0.5671422840076278	0.45
529	5	395	246	7.10372	0.02747504523462389	0.45
530	5	395	300	6.67516	0.11823925126913719	0.45
531	5	397	6	5.8167	0.6330308293239016	0.45
532	5	400	264	7.09992	1.7733684123240168	0.45
533	5	401	182	5.815099999999999	2.2127059205327773	0.45
534	5	405	67	7.1452800000000005	1.684694536297599	0.45
535	5	406	69	8.66478	0.7656935231632888	0.45
536	5	408	7	6.55552	0.13552940493238314	0.45
537	5	409	392	5.27412	0.5671422840076278	0.45
538	5	413	16	7.48156	0.4234618710473298	0.45
539	5	414	122	3.4795599999999998	0.013310401781321809	0.45
540	5	416	258	6.80116	0.20977522566191237	0.45
541	5	417	286	7.1667000000000005	0.6183837628895602	0.45
542	5	420	369	5.41618	0.533034442425756	0.45
543	5	421	395	6.72156	0.14571429650373632	0.45
544	5	422	293	8.178780000000001	3.3717175493115117	0.45
545	5	425	141	4.26218	0.0018626119430051383	0.45
546	5	428	254	5.48748	0.21862681891257468	0.45
547	5	429	224	7.28968	0.0755987373184827	0.45
548	5	430	2	7.6288599999999995	1.1918539286227026	0.45
549	5	441	138	2.9267	0.010060624380977178	0.45
550	5	442	9	4.94726	0.9911893659576224	0.45
551	5	443	58	5.27948	1.5675570890937354	0.45
552	5	444	169	4.5826199999999995	1.8663368116073764	0.45
553	5	445	37	6.0567400000000005	2.316419119765336	0.45
554	5	446	75	5.8975800000000005	1.5677258441717714	0.45
555	5	447	289	6.1969199999999995	1.8560565809186877	0.45
556	5	448	355	3.97142	0.18088048788263547	0.45
557	5	449	297	6.390359999999999	5.5223710817223735	0.45
449	total number of nodes
name	x	y	z
1	246.096	209.88899999999998	216.515
2	70.1976	346.42499999999995	351.402
3	326.72	213.357	141.565
4	340.661	178.96599999999998	83.1525
5	54.4089	101.549	261.937
6	14.382299999999999	213.814	130.83499999999998
7	275.21799999999996	7.51342	144.24800000000002
8	88.1045	226.466	12.048
9	330.82800000000003	317.143	42.3297
10	252.25600000000003	257.436	257.52799999999996
11	2.3014300000000003	127.56900000000002	343.232
12	246.28999999999996	169.382	324.904
13	33.1185	330.55699999999996	64.6361
14	365.822	46.038999999999994	270.67600000000004
15	40.0302	57.815999999999995	200.058
16	291.553	64.87440000000001	33.8212
17	38.145999999999994	287.986	229.10399999999998
18	225.582	287.533	308.02500000000003
19	248.56	269.97700000000003	161.0
20	218.775	17.8344	112.76599999999999
21	362.715	308.512	161.92600000000002
22	231.194	361.55300000000005	116.711
23	151.692	220.514	73.32050000000001
24	23.443099999999998	101.272	60.6359
25	196.011	80.324	287.78400000000005
26	322.55100000000004	199.446	250.506
27	370.839	184.67399999999998	88.6944
28	85.1609	106.979	177.856
29	223.488	99.4195	166.81199999999998
30	23.3306	261.388	231.904
31	86.10079999999999	236.204	55.934599999999996
32	18.019399999999997	338.176	334.74399999999997
33	359.504	257.005	189.31
34	64.7918	233.382	195.28699999999998
35	92.26979999999999	94.1388	319.881
36	135.866	259.803	22.3863
37	177.20999999999998	62.951899999999995	89.14580000000001
38	133.802	319.02299999999997	150.909
39	306.183	322.733	96.3607
40	227.01500000000001	243.79999999999998	44.3801
41	369.231	155.01299999999998	293.327
42	368.30800000000005	133.304	223.362
43	309.503	283.68600000000004	315.108
44	172.823	283.911	331.988
45	322.348	90.0175	291.53000000000003
46	192.99099999999999	237.93	310.34900000000005
47	160.171	247.826	163.64600000000002
48	56.4207	87.9487	76.4942
49	305.82199999999995	88.4673	76.3844
50	146.533	41.1072	326.74499999999995
51	307.164	119.32600000000001	194.26600000000002
52	17.464100000000002	148.74800000000002	347.928
53	11.316500000000001	265.68	34.2977
54	340.178	260.69899999999996	347.123
55	39.6329	372.719	138.793
56	237.231	109.572	108.813
57	270.634	105.925	126.024
58	289.04499999999996	205.905	30.4451
59	302.84700000000004	188.99699999999999	212.167
60	225.71200000000002	28.2602	291.192
61	110.587	307.358	318.807
62	19.5176	57.254	0.55782
63	4.42792	153.39499999999998	286.055
64	140.126	134.03699999999998	200.05599999999998
65	236.701	348.12100000000004	338.472
66	239.169	299.627	142.532
67	41.644999999999996	2.36334	252.09199999999998
68	16.334	211.843	20.9207
69	216.23000000000002	36.0941	215.82
70	35.123999999999995	356.871	27.596100000000003
71	251.803	37.778499999999994	107.062
72	162.752	160.414	261.822
73	258.01	237.996	328.984
74	294.53	347.14300000000003	148.898
75	280.24	270.42199999999997	4.42523
76	26.9965	78.6292	159.71599999999998
77	153.542	275.55499999999995	57.2935
78	11.714599999999999	161.189	178.905
79	129.151	148.432	121.648
80	299.168	30.724800000000002	269.177
81	293.36	165.715	328.468
82	140.44400000000002	188.132	35.8313
83	133.548	292.353	110.549
84	246.7	147.026	341.759
85	256.266	348.36600000000004	364.37
86	97.41640000000001	49.8993	36.221199999999996
87	69.9145	159.261	239.268
88	343.76	49.576	301.903
89	196.097	177.551	230.326
90	45.4223	7.84037	312.092
91	312.808	141.63000000000002	138.153
92	108.757	339.303	7.41599
93	261.804	144.549	88.07820000000001
94	101.782	165.716	334.62
95	350.119	279.596	69.6505
96	196.18	334.934	362.599
97	100.06899999999999	163.80100000000002	31.6325
98	189.021	111.26100000000001	214.048
99	221.157	44.699400000000004	321.386
100	144.017	228.084	77.02810000000001
101	33.7509	216.875	54.7422
102	264.171	60.921600000000005	105.633
103	329.294	189.994	110.171
104	36.0076	99.0484	291.264
105	286.43	364.804	275.49699999999996
106	35.243500000000004	267.914	127.44699999999999
107	311.588	214.87	320.349
108	288.99600000000004	123.14699999999999	160.21
109	208.903	270.466	284.721
110	303.231	94.2094	241.022
111	116.06099999999999	221.205	369.611
112	339.926	262.245	347.92900000000003
113	339.29499999999996	260.839	343.656
114	340.468	250.44400000000002	349.27500000000003
115	167.144	245.069	149.834
116	158.26600000000002	229.368	159.431
117	164.393	249.242	168.992
118	63.5226	203.077	192.006
119	79.1383	248.382	190.553
120	68.0702	225.165	202.495
121	277.553	350.345	291.777
122	293.377	359.457	272.205
123	284.758	358.304	271.399
124	343.567	251.373	349.894
125	344.785	247.80599999999998	345.359
126	314.841	253.32799999999997	341.291
127	122.96000000000001	134.006	115.739
128	137.043	149.841	127.233
129	121.798	134.761	120.092
130	8.32061	150.033	300.755
131	6.40772	150.259	285.686
132	20.7728	167.209	267.66
133	212.85799999999998	288.992	303.315
134	209.02700000000002	255.319	272.26399999999995
135	209.892	263.68399999999997	264.73199999999997
136	168.637	54.0474	95.8137
137	177.20100000000002	62.7453	89.7467
138	177.29	74.281	75.96900000000001
139	30.9991	254.09199999999998	248.06799999999998
140	21.2682	256.905	227.40200000000002
141	21.7635	271.14300000000003	216.85500000000002
142	225.523	189.1	305.578
143	249.40800000000002	169.1	334.589
144	248.59900000000002	168.37800000000001	325.7
145	44.573	91.49810000000001	279.68300000000005
146	41.5527	104.652	288.135
147	60.321200000000005	109.758	297.308
148	367.76	160.784	297.42
149	355.39000000000004	143.794	290.807
150	363.173	158.069	296.98
151	204.145	300.493	290.935
152	203.79999999999998	284.04	308.51300000000003
153	208.743	286.499	291.536
154	186.758	191.325	223.531
155	187.36999999999998	173.899	229.74
156	205.328	168.13	226.22199999999998
157	235.49	151.879	329.542
158	244.528	171.656	325.146
159	243.054	159.278	306.178
160	341.387	170.29299999999998	135.22299999999998
161	329.491	197.96200000000002	116.22500000000001
162	314.855	205.161	112.62
163	147.157	218.74	76.9318
164	131.619	217.68499999999997	82.993
165	147.797	219.328	80.38109999999999
166	306.00100000000003	78.5282	68.44569999999999
167	308.47200000000004	92.13029999999999	79.8281
168	304.39	85.05659999999999	76.3005
169	29.3391	279.984	31.909699999999997
170	23.686899999999998	271.93699999999995	31.9808
171	2.65051	275.402	42.3531
172	300.875	91.6542	82.4717
173	305.527	91.12249999999999	84.5529
174	325.81100000000004	107.64699999999999	76.87519999999999
175	339.46	238.321	337.235
176	328.478	257.127	351.83799999999997
177	329.40500000000003	246.825	348.77
178	258.623	166.582	329.48
179	248.92600000000002	175.596	338.41200000000003
180	245.85999999999999	172.828	331.451
181	14.160599999999999	134.326	283.606
182	17.7116	164.065	300.20300000000003
183	14.3064	153.91	282.237
184	155.423	218.853	180.75799999999998
185	154.99599999999998	231.0	157.044
186	161.12400000000002	223.622	177.76000000000002
187	23.4404	211.843	46.7223
188	30.9679	214.25900000000001	50.2379
189	31.368500000000004	222.707	58.220800000000004
190	349.823	45.2432	303.594
191	344.92	39.3283	305.749
192	334.155	36.6109	305.53900000000004
193	132.485	174.712	40.225
194	131.192	190.333	47.5403
195	140.253	186.668	39.6011
196	31.078199999999995	137.652	279.36699999999996
197	33.838499999999996	147.489	304.377
198	22.9177	140.294	277.94
199	86.3557	231.107	64.63329999999999
200	87.5873	237.745	63.5492
201	57.7866	248.657	55.9946
202	374.14300000000003	128.511	227.088
203	357.147	143.86999999999998	213.563
204	353.392	112.663	249.673
205	32.4264	177.35	274.841
206	14.3087	180.74099999999999	250.065
207	13.3952	170.977	272.80400000000003
208	340.23	191.492	119.617
209	337.419	203.25300000000001	117.328
210	330.579	201.618	112.499
211	196.13	218.657	300.29699999999997
212	38.1355	92.51580000000001	254.392
213	330.166	159.19099999999997	116.637
214	360.56100000000004	241.569	314.11
215	10.4906	143.752	241.619
216	140.40200000000002	139.858	137.826
217	62.83389999999999	186.63400000000001	190.226
218	323.23699999999997	307.703	60.7803
219	48.8862	349.525	159.136
220	173.308	136.855	242.865
221	163.117	122.37599999999999	127.06400000000001
222	27.1022	226.07399999999998	55.6959
223	220.544	342.236	367.463
224	224.31400000000002	355.691	349.708
225	265.082	124.06099999999999	181.156
226	72.929	199.82	51.8157
227	48.430699999999995	105.732	78.3154
228	333.108	14.1623	300.055
229	140.05100000000002	182.68099999999998	80.99810000000001
230	185.274	235.851	302.31600000000003
231	274.648	113.821	52.9547
232	346.013	269.015	368.041
233	341.63100000000003	140.49200000000002	110.712
234	371.091	142.25	255.707
235	225.78799999999998	125.30700000000002	358.023
236	341.962	147.916	89.11640000000001
237	258.179	262.019	301.04200000000003
238	25.7157	129.26600000000002	273.711
239	190.874	248.023	314.54200000000003
240	327.578	337.375	11.1199
241	340.914	170.904	227.624
242	348.868	259.971	373.392
243	328.198	68.8723	76.102
244	244.739	108.602	332.4
245	271.37	57.5513	96.0188
246	324.48999999999995	340.803	281.276
247	42.991699999999994	372.646	175.538
248	158.045	168.05100000000002	218.304
249	357.208	48.2408	319.444
250	9.526019999999999	101.689	134.894
251	334.173	243.158	203.84799999999998
252	237.853	161.866	294.938
253	229.54	204.189	324.306
254	334.44399999999996	296.682	160.02700000000002
255	86.2951	179.836	181.88
256	171.534	49.5199	294.958
257	23.8877	292.507	39.4647
258	355.691	29.4145	235.011
259	205.053	145.091	266.373
260	289.65799999999996	230.678	49.2665
261	81.5462	367.885	12.0319
262	134.014	222.794	173.752
263	319.226	24.2743	252.58300000000003
264	11.5355	124.94900000000001	299.416
265	337.886	177.292	96.5927
266	145.42600000000002	192.6	57.0421
267	166.025	104.523	117.753
268	221.635	244.65	23.243100000000002
269	109.41499999999999	316.074	12.2923
270	202.05399999999997	243.603	292.396
271	85.4893	201.13	6.26241
272	35.577200000000005	275.777	234.348
273	343.701	10.2159	302.598
274	195.315	93.1265	70.0216
275	30.339	83.9876	75.7964
276	59.8663	363.251	370.348
277	357.616	178.111	111.379
278	24.7392	182.623	277.379
279	361.84900000000005	176.42600000000002	139.308
280	14.1385	86.4875	171.381
281	231.727	169.609	321.101
282	236.452	150.904	322.469
283	86.78099999999999	335.75	28.7924
284	219.856	205.72	286.26
285	57.6045	46.1352	85.2715
286	360.59200000000004	242.489	309.41200000000003
287	20.0318	137.019	266.965
288	274.273	177.441	366.077
289	138.059	134.266	33.9282
290	73.99669999999999	138.57299999999998	277.429
291	374.262	145.313	166.59699999999998
292	51.601299999999995	316.136	317.299
293	361.87399999999997	177.53199999999998	97.6723
294	216.166	283.064	289.76
295	177.233	150.896	145.17999999999998
296	288.443	229.01500000000001	341.344
297	24.5176	205.267	36.733599999999996
298	65.23809999999999	260.202	272.293
299	9.72879	97.9544	274.847
300	304.697	349.68100000000004	314.952
301	287.25	352.719	99.882
302	47.1673	18.552	306.505
303	125.923	148.942	108.966
304	85.8839	187.192	9.18818
305	70.2308	200.426	178.719
306	301.66200000000003	79.00810000000001	237.551
307	334.099	110.427	87.371
308	225.057	107.839	356.132
309	150.941	145.345	196.488
310	338.311	232.787	212.945
311	224.995	371.649	128.078
312	197.18900000000002	183.297	218.589
313	198.391	89.57220000000001	293.61600000000004
314	301.935	234.358	51.717800000000004
315	325.393	18.877299999999998	307.05400000000003
316	179.959	179.367	225.299
317	226.08200000000002	156.45399999999998	315.712
318	373.262	178.463	147.383
319	10.3476	135.51500000000001	346.42100000000005
320	175.30700000000002	46.261100000000006	309.207
321	170.89000000000001	72.7404	90.9204
322	71.5639	131.828	40.577
323	329.867	33.497	133.554
324	360.304	32.366899999999994	236.969
325	153.73399999999998	142.58700000000002	137.934
326	12.1862	61.0119	249.608
327	287.08599999999996	134.907	333.639
328	161.29100000000003	105.33	134.70600000000002
329	244.06199999999998	292.076	83.95190000000001
330	237.245	217.526	363.705
331	287.829	284.022	208.27
332	241.939	83.1045	267.51500000000004
333	58.671400000000006	298.73299999999995	185.448
334	368.841	119.652	282.198
335	141.596	125.778	42.5162
336	234.358	76.68990000000001	340.60600000000005
337	195.662	127.666	107.904
338	269.779	169.08	27.567700000000002
339	213.898	134.284	100.16
340	236.375	167.512	56.0385
341	76.4698	280.38599999999997	219.77800000000002
342	37.8132	315.69	266.338
343	229.716	194.303	130.697
344	240.922	169.494	317.253
345	327.708	197.359	347.793
346	249.443	123.08800000000001	129.12800000000001
347	175.651	237.27	168.979
348	355.137	101.951	244.08599999999998
349	350.164	113.173	236.98999999999998
350	227.409	229.862	47.305899999999994
351	233.72299999999998	241.148	31.0925
352	359.02299999999997	227.28799999999998	305.94100000000003
353	368.881	245.269	319.908
354	220.903	227.183	21.3521
355	232.44899999999998	255.95799999999997	19.6747
356	366.954	131.879	264.804
357	364.892	152.346	267.075
358	358.409	111.623	277.256
359	371.22099999999995	128.89999999999998	288.03
360	179.421	248.749	152.285
361	159.429	249.78400000000002	156.832
362	30.4436	155.726	277.21000000000004
363	8.66121	140.756	276.848
364	122.0	309.394	326.882
365	103.47	294.125	317.301
366	242.942	296.368	156.78099999999998
367	232.858	309.622	143.70600000000002
368	299.539	292.108	303.895
369	312.024	295.498	326.96299999999997
370	162.852	148.235	251.80599999999998
371	163.50199999999998	155.272	246.666
372	48.5453	36.7259	92.3174
373	57.7842	50.16439999999999	73.552
374	341.45799999999997	180.331	123.54799999999999
375	347.62600000000003	164.357	148.374
376	85.06200000000001	360.243	19.707
377	80.1969	359.485	24.9893
378	22.1436	340.97799999999995	54.4229
379	37.4673	330.163	78.1444
380	361.94800000000004	173.541	151.286
381	365.251	171.401	136.552
382	94.15849999999999	369.435	14.5734
383	100.26899999999999	366.942	23.4874
384	217.066	216.66299999999998	294.02299999999997
385	207.934	196.056	284.089
386	245.19400000000002	82.1563	347.142
387	227.17700000000002	86.1684	330.403
388	0.0	0.0	0.0
389	0.0	0.0	371.25
390	0.0	371.25	0.0
391	0.0	371.25	371.25
392	371.25	0.0	0.0
393	371.25	0.0	371.25
394	371.25	371.25	0.0
395	371.25	371.25	371.25
396	0.0	352.983	245.596
397	0.0	233.204	113.13499999999999
398	0.0	18.434	171.241
399	0.0	312.33	290.488
400	0.0	92.93329999999999	292.90099999999995
401	0.0	183.937	330.205
402	0.0	321.484	282.28299999999996
403	0.0	354.76000000000005	369.214
404	0.0	200.748	55.0839
405	59.5725	0.0	236.434
406	170.409	0.0	194.31400000000002
407	41.759299999999996	0.0	185.64600000000002
408	286.148	0.0	92.4519
409	365.734	0.0	34.507
410	298.535	0.0	176.42600000000002
411	180.12099999999998	0.0	304.971
412	55.5912	0.0	327.252
413	224.321	0.0	18.009500000000003
414	375.0	352.983	245.596
415	375.0	233.204	113.13499999999999
416	375.0	18.434	171.241
417	375.0	312.33	290.488
418	375.0	92.93329999999999	292.90099999999995
419	375.0	183.937	330.205
420	375.0	321.484	282.28299999999996
421	375.0	354.76000000000005	369.214
422	375.0	200.748	55.0839
423	59.5725	375.0	236.434
424	170.409	375.0	194.31400000000002
425	41.759299999999996	375.0	185.64600000000002
426	286.148	375.0	92.4519
427	365.734	375.0	34.507
428	298.535	375.0	176.42600000000002
429	180.12099999999998	375.0	304.971
430	55.5912	375.0	327.252
431	224.321	375.0	18.009500000000003
432	192.469	48.5536	375.0
433	343.01800000000003	356.19100000000003	375.0
434	326.01800000000003	211.86999999999998	375.0
435	23.2019	293.933	375.0
436	215.03900000000002	49.8482	375.0
437	339.166	294.569	375.0
438	118.107	107.648	375.0
439	197.755	274.11	375.0
440	2.62367	148.769	375.0
441	192.469	48.5536	0.0
442	343.01800000000003	356.19100000000003	0.0
443	326.01800000000003	211.86999999999998	0.0
444	23.2019	293.933	0.0
445	215.03900000000002	49.8482	0.0
446	339.166	294.569	0.0
447	118.107	107.648	0.0
448	197.755	274.11	0.0
449	2.62367	148.769	0.0
27 total number of boundary nodes
node bctyp press/flow   HD    PO2    solute 3
397	2	2.0	0.45	50.	1.
400	2	2.0	0.45	50.	1.
401	2	2.0	0.45	50.	1.
405	2	2.0	0.45	50.	1.
406	2	2.0	0.45	50.	1.
408	2	2.0	0.45	50.	1.
409	2	2.0	0.45	50.	1.
413	2	2.0	0.45	50.	1.
414	2	2.0	0.45	50.	1.
416	2	2.0	0.45	50.	1.
417	2	2.0	0.45	50.	1.
420	2	2.0	0.45	50.	1.
421	2	2.0	0.45	50.	1.
422	2	2.0	0.45	50.	1.
425	2	2.0	0.45	50.	1.
428	2	2.0	0.45	50.	1.
429	2	2.0	0.45	50.	1.
430	2	2.0	0.45	50.	1.
441	2	2.0	0.45	50.	1.
442	2	2.0	0.45	50.	1.
443	2	2.0	0.45	50.	1.
444	2	2.0	0.45	50.	1.
445	2	2.0	0.45	50.	1.
446	2	2.0	0.45	50.	1.
447	2	2.0	0.45	50.	1.
448	2	2.0	0.45	50.	1.
449	2	2.0	0.45	50.	1.
